8.288090873546613767e-30 1.283227448746590898e-22 2.033716851278596913e-29
1.518798146669334285e-15 3.177988859463218648e-19 1.325689944262724545e-15
1.515324475440796858e-15 1.238821589672488442e-18 1.449899680682940760e-15
1.511834048896356591e-15 2.717703848508677640e-18 1.479597251374645470e-15
1.508326851060577114e-15 4.711942112686169373e-18 1.489356705199271992e-15
1.504802866680195034e-15 7.181816365734472069e-18 1.492432842756620748e-15
1.501262080862108497e-15 1.009019988341429039e-17 1.492644610330642855e-15
1.497704479021012614e-15 1.340238302331702223e-17 1.491422157543132046e-15
1.494130046868971500e-15 1.708590992203516714e-17 1.489398827346322912e-15
1.490538770414717572e-15 2.111042707418923318e-17 1.486890043784976692e-15
1.486930635965915183e-15 2.544754285587464903e-17 1.484067209413431413e-15
1.483305630132592170e-15 3.007069713517069489e-17 1.481029964932346435e-15
1.479663739831081790e-15 3.495504018506129388e-17 1.477839436803408084e-15
1.476004952288214334e-15 4.007732018017014656e-17 1.474534809903300091e-15
1.472329255045715022e-15 4.541577861877844482e-17 1.471142140445158831e-15
1.468636635964678232e-15 5.095005306623680567e-17 1.467679299778105404e-15
1.464927083230154720e-15 5.666108666565174217e-17 1.464158875227054794e-15
1.461200585355828976e-15 6.253104390706189744e-17 1.460589938757948312e-15
1.457457131188736022e-15 6.854323218766908525e-17 1.456979161678617924e-15
1.453696709914104817e-15 7.468202873341176358e-17 1.453331537795978453e-15
1.449919311060203248e-15 8.093281248661139317e-17 1.449650864666387805e-15
1.446124924503322741e-15 8.728190059589688816e-17 1.445940071185950973e-15
1.442313540472765835e-15 9.371648917338302931e-17 1.442201445137088625e-15
1.438485149555954058e-15 1.002245980103978646e-16 1.438436794143840725e-15
1.434639742703583133e-15 1.067950189671565349e-16 1.434647561411140022e-15
1.430777311234835175e-15 1.134172677738432281e-16 1.430834910203155274e-15
1.426897846842700353e-15 1.200815390007982728e-16 1.426999786351140995e-15
1.423001341599335618e-15 1.267786639740520822e-16 1.423142965086579995e-15
1.419087787961510604e-15 1.335000714294784895e-16 1.419265086536386469e-15
1.415157178776132417e-15 1.402377507144673507e-16 1.415366682912204245e-15
1.411209507285829194e-15 1.469842173603727331e-16 1.411448199543354472e-15
1.407244767134640546e-15 1.537324808621991416e-16 1.407510011296766303e-15
1.403262952373753569e-15 1.604760145141208461e-16 1.403552435505284988e-15
1.399264057467328972e-15 1.672087271606031631e-16 1.399575742228068338e-15
1.395248077298420493e-15 1.739249367331846485e-16 1.395580162454561868e-15
1.391215007174959789e-15 1.806193454524400877e-16 1.391565894710187885e-15
1.387164842835831457e-15 1.872870165833940431e-16 1.387533110410218438e-15
1.383097580457023976e-15 1.939233526406963169e-16 1.383481958226075459e-15
1.379013216657878274e-15 2.005240749472960385e-16 1.379412567667117024e-15
1.374911748507421891e-15 2.070852044572294597e-16 1.375325052035232647e-15
1.370793173530774130e-15 2.136030437594441236e-16 1.371219510874912923e-15
1.366657489715663432e-15 2.200741601854521860e-16 1.367096032015153656e-15
1.362504695519018110e-15 2.264953699490103758e-16 1.362954693279322328e-15
1.358334789873659440e-15 2.328637232510245937e-16 1.358795563923484832e-15
1.354147772195102432e-15 2.391764902875099852e-16 1.354618705851636037e-15
1.349943642388398010e-15 2.454311481027213520e-16 1.350424174646693063e-15
1.345722400855155263e-15 2.516253682335388338e-16 1.346212020448723478e-15
1.341484048500578865e-15 2.577570050948687757e-16 1.341982288705935362e-15
1.337228586740673550e-15 2.638240850592313446e-16 1.337735020819239771e-15
1.332956017509508729e-15 2.698247961868615834e-16 1.333470254697526378e-15
1.328666343266597299e-15 2.757574785655960015e-16 1.329188025237618089e-15
1.324359567004395343e-15 2.816206152225188436e-16 1.324888364740611704e-15
1.320035692255885253e-15 2.874128235718879325e-16 1.320571303274207855e-15
1.315694723102286845e-15 2.931328473661985631e-16 1.316236868989058615e-15
1.311336664180869451e-15 2.987795491194210257e-16 1.311885088395864958e-15
1.306961520692870105e-15 3.043519029734921711e-16 1.307515986608866362e-15
1.302569298411549199e-15 3.098489879810013113e-16 1.303129587560439970e-15
1.298160003690340595e-15 3.152699817787895346e-16 1.298725914190844711e-15
1.293733643471125399e-15 3.206141546288045467e-16 1.294304988616495979e-15
1.289290225292635103e-15 3.258808638040664797e-16 1.289866832279648836e-15
1.284829757298966548e-15 3.310695482990333714e-16 1.285411466081961828e-15
1.280352248248226264e-15 3.361797238449529905e-16 1.280938910504039780e-15
1.275857707521305168e-15 3.412109782120398043e-16 1.276449185712738799e-15
1.271346145130772967e-15 3.461629667814455799e-16 1.271942311657824417e-15
1.266817571729912394e-15 3.510354083710665414e-16 1.267418308159267726e-15
1.262271998621880246e-15 3.558280813002358023e-16 1.262877194986367926e-15
1.257709437769019103e-15 3.605408196792640334e-16 1.258318991929680276e-15
1.253129901802279479e-15 3.651735099106849067e-16 1.253743718866618942e-15
1.248533404030810003e-15 3.697260873898469727e-16 1.249151395821489908e-15
1.243919958451685853e-15 3.741985333932773098e-16 1.244542043020611448e-15
1.239289579759754921e-15 3.785908721439325389e-16 1.239915680943087382e-15
1.234642283357689477e-15 3.829031680431316615e-16 1.235272330367750021e-15
1.229978085366117318e-15 3.871355230595684578e-16 1.230612012416688721e-15
1.225297002633969249e-15 3.912880742664015084e-16 1.225934748595779780e-15
1.220599052748951611e-15 3.953609915179405489e-16 1.221240560832542696e-15
1.215884254048178350e-15 3.993544752579753184e-16 1.216529471511612472e-15
1.211152625628977623e-15 4.032687544522588389e-16 1.211801503508130922e-15
1.206404187359853215e-15 4.071040846381033077e-16 1.207056680219244109e-15
1.201638959891618526e-15 4.108607460844656724e-16 1.202295025593959941e-15
1.196856964668711001e-15 4.145390420562952264e-16 1.197516564161523105e-15
1.192058223940657437e-15 4.181392971772737050e-16 1.192721321058480883e-15
1.187242760773742816e-15 4.216618558854314761e-16 1.187909322054593487e-15
1.182410599062845382e-15 4.251070809764377821e-16 1.183080593577718872e-15
1.177561763543459478e-15 4.284753522296706417e-16 1.178235162737774387e-15
1.172696279803912632e-15 4.317670651124619818e-16 1.173373057349922975e-15
1.167814174297758562e-15 4.349826295581594406e-16 1.168494305957022380e-15
1.162915474356387121e-15 4.381224688139246107e-16 1.163598937851474816e-15
1.158000208201818629e-15 4.411870183543992433e-16 1.158686983096528384e-15
1.153068404959694444e-15 4.441767248576051334e-16 1.153758472547098068e-15
1.148120094672504583e-15 4.470920452396468318e-16 1.148813437870191910e-15
1.143155308312982180e-15 4.499334457449803865e-16 1.143851911564981204e-15
1.138174077797759265e-15 4.527014010891949289e-16 1.138873926982569752e-15
1.133176436001198848e-15 4.553963936514310636e-16 1.133879518345517571e-15
1.128162416769482984e-15 4.580189127137145422e-16 1.128868720767155569e-15
1.123132054934908518e-15 4.605694537446409793e-16 1.123841570270748944e-15
1.118085386330428544e-15 4.630485177249940472e-16 1.118798103808510703e-15
1.113022447804420085e-15 4.654566105130042272e-16 1.113738359280537682e-15
1.107943277235694930e-15 4.677942422470943295e-16 1.108662375553686402e-15
1.102847913548769614e-15 4.700619267840734646e-16 1.103570192480402396e-15
1.097736396729365354e-15 4.722601811708458675e-16 1.098461850917558008e-15
1.092608767840180137e-15 4.743895251478222687e-16 1.093337392745304985e-15
1.087465069036924881e-15 4.764504806823135980e-16 1.088196860885962174e-15
1.082305343584609670e-15 4.784435715302723085e-16 1.083040299322990784e-15
1.077129635874118900e-15 4.803693228248581249e-16 1.077867753120030975e-15
1.071937991439058786e-15 4.822282606903640938e-16 1.072679268440060142e-15
1.066730456972881168e-15 4.840209118801395842e-16 1.067474892564676019e-15
1.061507080346319305e-15 4.857478034372002384e-16 1.062254673913510554e-15
1.056267910625087747e-15 4.874094623763076593e-16 1.057018662063818503e-15
1.051012998087918455e-15 4.890064153863460945e-16 1.051766907770234454e-15
1.045742394244870068e-15 4.905391885519086723e-16 1.046499462984711484e-15
1.040456151855990377e-15 4.920083070930354260e-16 1.041216380876684836e-15
1.035154324950268314e-15 4.934142951221446396e-16 1.035917715853442084e-15
1.029836968844927321e-15 4.947576754171932328e-16 1.030603523580730743e-15
1.024504140165064043e-15 4.960389692102167766e-16 1.025273861003616738e-15
1.019155896863614003e-15 4.972586959903882982e-16 1.019928786367594717e-15
1.013792298241676603e-15 4.984173733208230850e-16 1.014568359239986886e-15
1.008413404969196293e-15 4.995155166683666600e-16 1.009192640531619334e-15
1.003019279106010963e-15 5.005536392456734076e-16 1.003801692518790817e-15
9.976099841232791752e-16 5.015322518648879623e-16 9.983955788655720863e-16
9.921855849252793536e-16 5.024518628023020200e-16 9.929743646464142446e-16
9.867461478716095092e-16 5.033129776733874305e-16 9.875381163690976968e-16
9.812917407997837679e-16 5.041160993176237872e-16 9.820869019980295786e-16
9.758224330482355549e-16 5.048617276925913852e-16 9.766207909779093872e-16
9.703382954797516931e-16 5.055503597768075201e-16 9.711398542577488089e-16
9.648394005053182881e-16 5.061824894808280755e-16 9.656441643153001784e-16
9.593258221084144888e-16 5.067586075661472974e-16 9.601337951818699006e-16
9.537976358697511652e-16 5.072792015714637546e-16 9.546088224675365592e-16
9.482549189924700839e-16 5.077447557458965572e-16 9.490693233868076316e-16
9.426977503278146255e-16 5.081557509887600669e-16 9.435153767847017942e-16
9.371262104012728317e-16 5.085126647955263334e-16 9.379470631632755533e-16
9.315403814392278884e-16 5.088159712096182974e-16 9.323644647086297015e-16
9.259403473960915876e-16 5.090661407797028332e-16 9.267676653183673959e-16
9.203261939819740184e-16 5.092636405221659179e-16 9.211567506295567139e-16
9.146980086908711446e-16 5.094089338884687775e-16 9.155318080471917683e-16
9.090558808293890054e-16 5.095024807370921481e-16 9.098929267731699349e-16
9.033999015460388542e-16 5.095447373098112836e-16 9.042401978357972227e-16
8.977301638610846964e-16 5.095361562120302456e-16 8.985737141198486074e-16
8.920467626969793185e-16 5.094771863969388147e-16 8.928935703971738623e-16
8.863497949094000482e-16 5.093682731532608898e-16 8.871998633578963172e-16
8.806393593188876975e-16 5.092098580963640248e-16 8.814926916421935986e-16
8.749155567431271449e-16 5.090023791625394976e-16 8.757721558726857937e-16
8.691784900298561476e-16 5.087462706062303510e-16 8.700383586874593371e-16
8.634282640904423183e-16 5.084419630000380981e-16 8.642914047737213945e-16
8.576649859341353671e-16 5.080898832373187652e-16 8.585314009021180735e-16
8.518887647030139355e-16 5.076904545372004410e-16 8.527584559617349986e-16
8.460997117076441799e-16 5.072440964518588430e-16 8.469726809957869558e-16
8.402979404634672630e-16 5.067512248758954922e-16 8.411741892380318112e-16
8.344835667279495746e-16 5.062122520576755185e-16 8.353630961499095891e-16
8.286567085384808916e-16 5.056275866124806343e-16 8.295395194584478301e-16
8.228174862510872338e-16 5.049976335373454384e-16 8.237035791949397374e-16
8.169660225799439204e-16 5.043227942274527070e-16 8.178553977344199593e-16
8.111024426377227487e-16 5.036034664939597767e-16 8.119950998359584213e-16
8.052268739768040598e-16 5.028400445831496215e-16 8.061228126838116496e-16
7.993394466313649333e-16 5.020329191967873106e-16 8.002386659294245853e-16
7.934402931603737826e-16 5.011824775135846172e-16 7.943427917343389969e-16
7.875295486915214275e-16 5.002891032116641150e-16 7.884353248140117456e-16
7.816073509660962351e-16 4.993531764919314505e-16 7.825164024825826413e-16
7.756738403848646651e-16 4.983750741022651708e-16 7.765861646986122039e-16
7.697291600549448913e-16 4.973551693624293456e-16 7.706447541118188119e-16
7.637734558377309894e-16 4.962938321896269411e-16 7.646923161108522178e-16
7.578068763979026951e-16 4.951914291246130886e-16 7.587289988721125006e-16
7.518295732535044645e-16 4.940483233582905430e-16 7.527549534096752982e-16
7.458417008271991470e-16 4.928648747587102232e-16 7.467703336263310085e-16
7.398434164986720157e-16 4.916414398983969585e-16 7.407752963657912105e-16
7.338348806582379083e-16 4.903783720819451256e-16 7.347700014660705855e-16
7.278162567617023621e-16 4.890760213737987797e-16 7.287546118141182958e-16
7.217877113864874892e-16 4.877347346261608628e-16 7.227292934016967498e-16
7.157494142890936900e-16 4.863548555069616757e-16 7.166942153825818078e-16
7.097015384639042041e-16 4.849367245278230110e-16 7.106495501310954718e-16
7.036442602034019206e-16 4.834806790719589798e-16 7.045954733020344658e-16
6.975777591598319723e-16 4.819870534219502269e-16 6.985321638920318795e-16
6.915022184083451209e-16 4.804561787873301988e-16 6.924598043023876716e-16
6.854178245116974663e-16 4.788883833319298243e-16 6.863785804034354793e-16
6.793247675865292573e-16 4.772839922009146370e-16 6.802886816004724578e-16
6.732232413712787163e-16 4.756433275474654317e-16 6.741903009013212719e-16
6.671134432958091710e-16 4.739667085590359929e-16 6.680836349855740390e-16
6.609955745527600434e-16 4.722544514831308991e-16 6.619688842755573679e-16
6.548698401707361818e-16 4.705068696525544963e-16 6.558462530091024113e-16
6.487364490893456908e-16 4.687242735100622085e-16 6.497159493141649937e-16
6.425956142361726390e-16 4.669069706323569969e-16 6.435781852853548809e-16
6.364475526057658009e-16 4.650552657533789003e-16 6.374331770624528813e-16
6.302924853406702512e-16 4.631694607868140962e-16 6.312811449109767172e-16
6.241306378146258623e-16 4.612498548477744748e-16 6.251223133048619301e-16
6.179622397179583419e-16 4.592967442735738688e-16 6.189569110113476534e-16
6.117875251452814358e-16 4.573104226435412810e-16 6.127851711781269083e-16
6.056067326855694604e-16 4.552911807977990278e-16 6.066073314228613127e-16
5.994201055146857565e-16 4.532393068549447610e-16 6.004236339251245954e-16
5.932278914904816464e-16 4.511550862285530569e-16 5.942343255208843671e-16
5.870303432505181563e-16 4.490388016424315920e-16 5.880396577996034048e-16
5.808277183125557527e-16 4.468907331445491727e-16 5.818398872040586584e-16
5.746202791778759917e-16 4.447111581195526895e-16 5.756352751329873395e-16
5.684082934375664244e-16 4.425003512997913007e-16 5.694260880466557384e-16
5.621920338818777221e-16 4.402585847747547583e-16 5.632125975754697911e-16
5.559717786127585304e-16 4.379861279988290450e-16 5.569950806317529224e-16
5.497478111597187238e-16 4.356832477972771228e-16 5.507738195247923369e-16
5.435204205991239106e-16 4.333502083703312481e-16 5.445491020793078821e-16
5.372899016770763942e-16 4.309872712952901083e-16 5.383212217574601351e-16
5.310565549360253766e-16 4.285946955264970798e-16 5.320904777845573605e-16
5.248206868452438620e-16 4.261727373930870432e-16 5.258571752785907107e-16
5.185826099353617837e-16 4.237216505943469942e-16 5.196216253837838419e-16
5.123426429370834481e-16 4.212416861925715766e-16 5.133841454082885842e-16
5.061011109243012991e-16 4.187330926032439336e-16 5.071450589662338437e-16
4.998583454617770890e-16 4.161961155823936202e-16 5.009046961242912250e-16
4.936146847575809659e-16 4.136309982109445673e-16 4.946633935529622829e-16
4.873704738205151746e-16 4.110379808758862538e-16 4.884214946827818561e-16
4.811260646227161382e-16 4.084173012480552419e-16 4.821793498656657604e-16
4.748818162676873519e-16 4.057691942563202468e-16 4.759373165416228345e-16
4.686380951639993568e-16 4.030938920579481817e-16 4.696957594110738148e-16
4.623952752049038024e-16 4.003916240048966740e-16 4.634550506130350951e-16
4.561537379541593957e-16 3.976626166057810599e-16 4.572155699094254277e-16
4.499138728383302553e-16 3.949070934832242736e-16 4.509777048758016431e-16
4.436760773458818320e-16 3.921252753262909516e-16 4.447418510988040265e-16
4.374407572333964464e-16 3.893173798376747721e-16 4.385084123806410457e-16
4.312083267392358207e-16 3.864836216752856716e-16 4.322778009509536253e-16
4.249792088050462699e-16 3.836242123878519251e-16 4.260504376864172104e-16
4.187538353054591701e-16 3.807393603441251053e-16 4.198267523384620467e-16
4.125326472864250179e-16 3.778292706552440410e-16 4.136071837695176455e-16
4.063160952126084433e-16 3.748941450897618761e-16 4.073921801982234904e-16
4.001046392243074867e-16 3.719341819808234692e-16 4.011821994540470590e-16
3.938987494044064462e-16 3.689495761249103137e-16 3.949777092418188114e-16
3.876989060558748094e-16 3.659405186715429429e-16 3.887791874166927158e-16
3.815055999903943999e-16 3.629071970032620050e-16 3.825871222700913663e-16
3.753193328287071223e-16 3.598497946051542193e-16 3.764020128272410445e-16
3.691406173133302724e-16 3.567684909231273514e-16 3.702243691569167216e-16
3.629699776343356791e-16 3.536634612100584242e-16 3.640547126940843445e-16
3.568079497689251361e-16 3.505348763588708000e-16 3.578935765761728632e-16
3.506550818355945345e-16 3.473829027214931666e-16 3.517415059937448431e-16
3.445119344637426097e-16 3.442077019125703346e-16 3.455990585564118151e-16
3.383790811796257737e-16 3.410094305966727419e-16 3.394668046748848869e-16
3.322571088096526530e-16 3.377882402576511261e-16 3.333453279601314592e-16
3.261466179020619444e-16 3.345442769486242679e-16 3.272352256406682964e-16
3.200482231681240364e-16 3.312776810209619320e-16 3.211371089991182368e-16
3.139625539440980537e-16 3.279885868304476396e-16 3.150516038292269956e-16
3.078902546752537856e-16 3.246771224186210180e-16 3.089793509146428165e-16
3.018319854234011755e-16 3.213434091671027478e-16 3.029210065308653623e-16
2.957884223994660953e-16 3.179875614224587609e-16 2.968772429718822537e-16
2.897602585227903609e-16 3.146096860889189475e-16 2.908487491031404486e-16
2.837482040089720442e-16 3.112098821859602459e-16 2.848362309426283828e-16
2.777529869882239057e-16 3.077882403674484902e-16 2.788404122720255444e-16
2.717753541563921960e-16 3.043448423986495638e-16 2.728620352800017300e-16
2.658160714609738142e-16 3.008797605870284898e-16 2.669018612399816818e-16
2.598759248246861542e-16 2.973930571622579089e-16 2.609606712248599710e-16
2.539557209093639646e-16 2.938847836003455244e-16 2.550392668614029298e-16
2.480562879232425219e-16 2.903549798861701475e-16 2.491384711273243596e-16
2.421784764749501470e-16 2.868036737080392316e-16 2.432591291942974484e-16
2.363231604778824063e-16 2.832308795770835914e-16 2.374021093204958122e-16
2.304912381089718730e-16 2.796365978634209865e-16 2.315683037966005713e-16
2.246836328262934017e-16 2.760208137399783583e-16 2.257586299496098771e-16
2.189012944503888294e-16 2.723834960236939128e-16 2.199740312092330162e-16
2.131452003147080698e-16 2.687245959024548711e-16 2.142154782421544072e-16
2.074163564911575312e-16 2.650440455345613619e-16 2.084839701600086388e-16
2.017157990973784438e-16 2.613417565056967411e-16 2.027805358075519693e-16
1.960445956931417679e-16 2.576176181262718589e-16 1.971062351382392450e-16
1.904038467740751278e-16 2.538714955495708443e-16 1.914621606852205465e-16
1.847946873719019414e-16 2.501032276882643392e-16 1.858494391367284388e-16
1.792182887714647019e-16 2.463126249035082337e-16 1.802692330258572026e-16
1.736758603560694286e-16 2.424994664369204372e-16 1.747227425459945661e-16
1.681686515941095583e-16 2.386634975510924286e-16 1.692112075045188634e-16
1.626979541816186965e-16 2.348044263388163022e-16 1.637359094290256283e-16
1.572651043572860628e-16 2.309219201546992352e-16 1.582981738421758942e-16
1.518714854087208350e-16 2.270156016150908836e-16 1.528993727234277865e-16
1.465185303913371376e-16 2.230850441029651103e-16 1.475409271784201696e-16
1.412077250842446711e-16 2.191297667032520047e-16 1.422243103396875089e-16
1.359406112111069974e-16 2.151492284806570234e-16 1.369510505258318962e-16
1.307187899580805508e-16 2.111428219956597268e-16 1.317227346902951800e-16
1.255439258259215640e-16 2.071098659345076548e-16 1.265410121956466863e-16
1.204177508592031176e-16 2.030495967045968637e-16 1.214075989549583626e-16
1.153420693026138658e-16 1.989611588166019939e-16 1.163242819885818478e-16
1.103187627427259179e-16 1.948435938374422934e-16 1.112929244527298137e-16
1.053497958037691940e-16 1.906958276517180033e-16 1.063154712060049284e-16
1.004372224782896538e-16 1.865166557109158837e-16 1.013939549918289390e-16
9.558319318859569478e-17 1.823047258759430252e-16 9.653050332911313289e-17
9.078996269339684267e-17 1.780585183646254967e-16 9.172734622117329505e-17
8.605989897689422524e-17 1.737763221952310165e-16 8.698682481469701877e-17
8.139549328608911855e-17 1.694562073609684561e-16 8.231140116771042533e-17
7.679937151786155411e-17 1.650959917664359934e-16 7.770366931950908628e-17
7.227430720272544935e-17 1.606932016878835929e-16 7.316636789853375155e-17
6.782323639012092003e-17 1.562450241603149887e-16 6.870239455904462642e-17
6.344927481494868389e-17 1.517482492105386436e-16 6.431482260812012762e-17
5.915573782268940776e-17 1.471991991945449636e-16 6.000692027651284362e-17
5.494616365935095031e-17 1.425936415832709796e-16 5.578217320799724594e-17
5.082434090481872566e-17 1.379266802569158115e-16 5.164431090329271687e-17
4.679434106176834575e-17 1.331926185358667125e-16 4.759733807276331745e-17
4.286055763385070107e-17 1.283847845152605329e-16 4.364557215125358577e-17
3.902775347696420927e-17 1.234953053286292397e-16 3.979368864553308248e-17
3.530111884955021312e-17 1.185148109989306680e-16 3.604677657714226554e-17
3.168634352331022057e-17 1.134320392777988557e-16 3.241040714202000559e-17
2.818970771144137026e-17 1.082332981094577227e-16 2.889071998181433962e-17
2.481819871083960694e-17 1.029017180560606980e-16 2.549453340092525872e-17
2.157966353739928938e-17 9.741618555541626555e-17 2.222948790572912495e-17
1.848301337837852371e-17 9.174977408470651158e-17 1.910423738415662944e-17
1.553850516826307278e-17 8.586735229284596339e-17 1.612871060297592868e-17
1.275814265342446505e-17 7.972177427623835458e-17 1.331448053895684097e-17
1.015627195326513921e-17 7.324747269318182344e-17 1.067530698465206723e-17
7.750514095683593699e-18 6.634890903294134003e-17 8.227974357025025857e-18
5.563331078541886565e-18 5.887773850056412448e-17 5.993671925939733444e-18
3.624924738849364552e-18 5.058140585889466389e-17 4.000477655328617966e-18
1.979449939492628964e-18 4.096191697918213348e-17 2.288440543679899276e-18
7.022110637452969608e-19 2.871787218492551154e-17 9.223517265352005059e-19
nan nan nan
