1.043533976113682781e-29 1.472881063680433609e-22 2.450087221392940334e-29
1.868017301691194742e-15 3.554845822978705205e-19 1.629950796353858709e-15
1.861126699308238932e-15 1.384206834752219581e-18 1.780163173513347782e-15
1.854239762545412726e-15 3.034039533682822384e-18 1.814083700538037660e-15
1.847356438338579216e-15 5.256203767977895728e-18 1.823503977425320336e-15
1.840476674699356124e-15 8.005173436586332421e-18 1.824732002076373811e-15
1.833600419933858725e-15 1.123845060893146917e-17 1.822464495799705786e-15
1.826727622528288196e-15 1.491635756575043804e-17 1.818459619863872623e-15
1.819858231121869737e-15 1.900184417870242671e-17 1.813495660711171888e-15
1.812992194499646335e-15 2.346030940384326892e-17 1.807960064575934691e-15
1.806129461591316372e-15 2.825943576987277583e-17 1.802063276053719516e-15
1.799269981472340398e-15 3.336903583801441071e-17 1.795927571513856441e-15
1.792413703366007552e-15 3.876090969748250141e-17 1.789627922068526052e-15
1.785560576645982401e-15 4.440871263959208118e-17 1.783212357013164756e-15
1.778710550839135370e-15 5.028783222547556851e-17 1.776712789856473387e-15
1.771863575628519118e-15 5.637527402776903437e-17 1.770151089887766176e-15
1.765019600856472701e-15 6.264955538617571216e-17 1.763542643854792455e-15
1.758178576527833423e-15 6.909060657104012806e-17 1.756898527002716561e-15
1.751340452813192860e-15 7.567967879850921437e-17 1.750226871028196388e-15
1.744505180052272785e-15 8.239925858594779905e-17 1.743533751311177019e-15
1.737672708757316289e-15 8.923298797743671625e-17 1.736823777206458940e-15
1.730842989616597618e-15 9.616559020678069279e-17 1.730100493758221469e-15
1.724015973497946016e-15 1.031828003998132164e-16 1.723366660663568738e-15
1.717191611452371920e-15 1.102713009492077214e-16 1.716624449547854377e-15
1.710369854717742659e-15 1.174186612237698448e-16 1.709875585784835639e-15
1.703550654722509817e-15 1.246132813005124582e-16 1.703121451985072117e-15
1.696733963089536402e-15 1.318443394319481362e-16 1.696363164550084858e-15
1.689919731639955348e-15 1.391017429831495603e-16 1.689601631014598566e-15
1.683107912397113833e-15 1.463760825934244661e-16 1.682837593495183320e-15
1.676298457590583443e-15 1.536585893360760486e-16 1.676071661962975182e-15
1.669491319660229913e-15 1.609410946668208823e-16 1.669304339975572070e-15
1.662686451260378504e-15 1.682159929671602053e-16 1.662536044759707362e-15
1.655883805264020409e-15 1.754762065034472397e-16 1.655767123018893188e-15
1.649083334767105737e-15 1.827151526356857018e-16 1.648997863475266532e-15
1.642284993092918529e-15 1.899267131223395784e-16 1.642228506894662986e-15
1.635488733796516670e-15 1.971052053786846288e-16 1.635459254156049280e-15
1.628694510669252455e-15 2.042453555566319041e-16 1.628690272789564998e-15
1.621902277743363561e-15 2.113422733235134780e-16 1.621921702306668754e-15
1.615111989296658091e-15 2.183914282261412116e-16 1.615153658570969159e-15
1.608323599857276340e-15 2.253886275346149707e-16 1.608386237402260309e-15
1.601537064208518226e-15 2.323299954678498075e-16 1.601619517563865261e-15
1.594752337393780967e-15 2.392119537097555600e-16 1.594853563251166588e-15
1.587969374721559079e-15 2.460312031314131992e-16 1.588088426174437995e-15
1.581188131770544170e-15 2.527847066405254217e-16 1.581324147309977084e-15
1.574408564394825298e-15 2.594696730849083271e-16 1.574560758378743867e-15
1.567630628729131158e-15 2.660835421418707370e-16 1.567798283100033902e-15
1.560854281194233381e-15 2.726239701300272583e-16 1.561036738258638082e-15
1.554079478502377051e-15 2.790888166844484603e-16 1.554276134616683602e-15
1.547306177662858549e-15 2.854761322400840998e-16 1.547516477695593912e-15
1.540534335987666294e-15 2.917841462721343751e-16 1.540757768449085084e-15
1.533763911097228196e-15 2.980112562455237621e-16 1.534000003844277830e-15
1.526994860926275842e-15 3.041560172288323409e-16 1.527243177365203356e-15
1.520227143729782456e-15 3.102171321310422739e-16 1.520487279450435197e-15
1.513460718089035745e-15 3.161934425222262920e-16 1.513732297874643876e-15
1.506695542917790618e-15 3.220839200018729863e-16 1.506978218082293152e-15
1.499931577468539252e-15 3.278876580809568276e-16 1.500225023480357317e-15
1.493168781338901652e-15 3.336038645460628916e-16 1.493472695695818801e-15
1.486407114478114035e-15 3.392318542759646798e-16 1.486721214802867018e-15
1.479646537193633172e-15 3.447710424829749411e-16 1.479970559523924380e-15
1.472887010157865566e-15 3.502209383531715856e-16 1.473220707408009723e-15
1.466128494415007275e-15 3.555811390612871693e-16 1.466471634989452185e-15
1.459370951388005608e-15 3.608513241375829868e-16 1.459723317929516793e-15
1.452614342885648615e-15 3.660312501655004793e-16 1.452975731143108534e-15
1.445858631109771336e-15 3.711207457902116990e-16 1.446228848912491980e-15
1.439103778662597135e-15 3.761197070194595020e-16 1.439482644989598859e-15
1.432349748554204072e-15 3.810280927992513268e-16 1.432737092688365801e-15
1.425596504210132282e-15 3.858459208480583028e-16 1.425992164968291272e-15
1.418844009479111066e-15 3.905732637342061253e-16 1.419247834510276267e-15
1.412092228640936853e-15 3.952102451820812965e-16 1.412504073785663250e-15
1.405341126414494724e-15 3.997570365936837235e-16 1.405760855119272646e-15
1.398590667965894734e-15 4.042138537728746601e-16 1.399018150747128329e-15
1.391840818916805824e-15 4.085809538404619348e-16 1.392275932869495307e-15
1.385091545352872381e-15 4.128586323289729019e-16 1.385534173699740776e-15
1.378342813832343190e-15 4.170472204466658636e-16 1.378792845509519093e-15
1.371594591394818917e-15 4.211470825009484403e-16 1.372051920670673300e-15
1.364846845570164856e-15 4.251586134719775537e-16 1.365311371694219056e-15
1.358099544387588941e-15 4.290822367277717381e-16 1.358571171266755496e-15
1.351352656384877538e-15 4.329184018726803878e-16 1.351831292284551519e-15
1.344606150617801619e-15 4.366675827215501014e-16 1.345091707885604499e-15
1.337859996669699059e-15 4.403302753923861175e-16 1.338352391479861947e-15
1.331114164661210953e-15 4.439069965107264647e-16 1.331613316777823629e-15
1.324368625260218108e-15 4.473982815193609406e-16 1.324874457817699882e-15
1.317623349691941819e-15 4.508046830873896695e-16 1.318135788991292559e-15
1.310878309749236523e-15 4.541267696129801415e-16 1.311397285068719513e-15
1.304133477803071207e-15 4.573651238145120245e-16 1.304658921222153585e-15
1.297388826813189868e-15 4.605203414050957481e-16 1.297920673048639421e-15
1.290644330338987152e-15 4.635930298457654185e-16 1.291182516592135433e-15
1.283899962550570938e-15 4.665838071728988113e-16 1.284444428364854059e-15
1.277155698240020175e-15 4.694933008956884097e-16 1.277706385367982578e-15
1.270411512832880362e-15 4.723221469597228322e-16 1.270968365111877753e-15
1.263667382399830008e-15 4.750709887729640033e-16 1.264230345635791096e-15
1.256923283668603085e-15 4.777404762906215656e-16 1.257492305527186698e-15
1.250179194036098828e-15 4.803312651556269983e-16 1.250754223940718454e-15
1.243435091580741612e-15 4.828440158915907500e-16 1.244016080616910689e-15
1.236690955075053420e-15 4.852793931453124580e-16 1.237277855900606654e-15
1.229946763998475989e-15 4.876380649760774233e-16 1.230539530759198118e-15
1.223202498550419552e-15 4.899207021891217039e-16 1.223801086800710196e-15
1.216458139663559885e-15 4.921279777108070443e-16 1.217062506291764902e-15
1.209713669017397044e-15 4.942605660031829408e-16 1.210323772175447659e-15
1.202969069052044656e-15 4.963191425157302842e-16 1.203584868089129446e-15
1.196224322982302607e-15 4.983043831722272595e-16 1.196845778382262513e-15
1.189479414811991234e-15 5.002169638907735355e-16 1.190106488134167024e-15
1.182734329348544269e-15 5.020575601351265116e-16 1.183366983171871935e-15
1.175989052217894049e-15 5.038268464956079186e-16 1.176627250087984273e-15
1.169243569879633426e-15 5.055254962979290930e-16 1.169887276258647949e-15
1.162497869642464420e-15 5.071541812383842241e-16 1.163147049861602160e-15
1.155751939679959862e-15 5.087135710439316687e-16 1.156406559894348074e-15
1.149005769046598961e-15 5.102043331557841099e-16 1.149665796192467556e-15
1.142259347694142284e-15 5.116271324351845420e-16 1.142924749448090995e-15
1.135512666488293086e-15 5.129826308901368651e-16 1.136183411228533746e-15
1.128765717225714030e-15 5.142714874219050393e-16 1.129441773995139260e-15
1.122018492651345245e-15 5.154943575901890129e-16 1.122699831122320211e-15
1.115270986476072050e-15 5.166518933959066462e-16 1.115957576916822877e-15
1.108523193394742143e-15 5.177447430806148809e-16 1.109215006637238426e-15
1.101775109104528508e-15 5.187735509416090269e-16 1.102472116513756195e-15
1.095026730323653225e-15 5.197389571618326169e-16 1.095728903768199769e-15
1.088278054810482242e-15 5.206415976537421114e-16 1.088985366634340150e-15
1.081529081382999397e-15 5.214821039163503149e-16 1.082241504378498633e-15
1.074779809938664209e-15 5.222611029046835035e-16 1.075497317320473513e-15
1.068030241474664310e-15 5.229792169109469252e-16 1.068752806854786277e-15
1.061280378108570583e-15 5.236370634567323807e-16 1.062007975472262866e-15
1.054530223099408424e-15 5.242352551956226948e-16 1.055262826781969927e-15
1.047779780869148879e-15 5.247743998255985741e-16 1.048517365533520640e-15
1.041029057024642525e-15 5.252551000106732627e-16 1.041771597639746585e-15
1.034278058379980128e-15 5.256779533112216295e-16 1.035025530199776455e-15
1.027526792979321096e-15 5.260435521224875726e-16 1.028279171522513940e-15
1.020775270120177099e-15 5.263524836207904116e-16 1.021532531150528775e-15
1.014023500377177097e-15 5.266053297169723312e-16 1.014785619884393685e-15
1.007271495626319097e-15 5.268026670166535973e-16 1.008038449807458371e-15
1.000519269069714349e-15 5.269450667868863217e-16 1.001291034311082799e-15
9.937668352608553492e-16 5.270330949288170788e-16 9.945433881203615632e-16
9.870142101303869438e-16 5.270673119559922449e-16 9.877955273203130800e-16
9.802614110124371218e-16 5.270482729779573828e-16 9.810474693825927848e-16
9.735084566714812801e-16 5.269765276888248722e-16 9.742992331927167227e-16
9.667553673297689451e-16 5.268526203604843809e-16 9.675508390778186048e-16
9.600021646953419424e-16 5.266770898401804709e-16 9.608023088349600545e-16
9.532488719906298159e-16 5.264504695521586543e-16 9.540536657600046913e-16
9.464955139816558248e-16 5.261732875031235228e-16 9.473049346770692663e-16
9.397421170078708747e-16 5.258460662912581882e-16 9.405561419685802497e-16
9.329887090126114367e-16 5.254693231185574328e-16 9.338073156059409945e-16
9.262353195742305627e-16 5.250435698062639424e-16 9.270584851808266385e-16
9.194819799378846411e-16 5.245693128131743161e-16 9.203096819371420422e-16
9.127287230480121808e-16 5.240470532566270072e-16 9.135609388036323130e-16
9.059755835815231617e-16 5.234772869359709348e-16 9.068122904271887093e-16
8.992225979817096009e-16 5.228605043583369779e-16 9.000637732068621541e-16
8.924698044929004101e-16 5.221971907665341678e-16 8.933154253285959910e-16
8.857172431958811511e-16 5.214878261689076789e-16 8.865672868007105260e-16
8.789649560441024555e-16 5.207328853710054807e-16 8.798193994901512846e-16
8.722129869006805598e-16 5.199328380088996247e-16 8.730718071595278060e-16
8.654613815762396530e-16 5.190881485840249060e-16 8.663245555049650631e-16
8.587101878675985029e-16 5.181992764994019758e-16 8.595776921947854541e-16
8.519594555973252238e-16 5.172666760971096145e-16 8.528312669090448349e-16
8.452092366541972621e-16 5.162907966968979942e-16 8.460853313799665706e-16
8.384595850345787283e-16 5.152720826358151339e-16 8.393399394332604923e-16
8.317105568847461378e-16 5.142109733087437992e-16 8.325951470303937125e-16
8.249622105441931266e-16 5.131079032097413635e-16 8.258510123118095536e-16
8.182146065899250906e-16 5.119633019740834320e-16 8.191075956411412290e-16
8.114678078818025155e-16 5.107775944209173532e-16 8.123649596504395071e-16
8.047218796089291537e-16 5.095512005964317450e-16 8.056231692864446293e-16
7.979768893371357314e-16 5.082845358174550618e-16 7.988822918579445887e-16
7.912329070576005030e-16 5.069780107154006688e-16 7.921423970842270653e-16
7.844900052365935382e-16 5.056320312804816084e-16 7.854035571446859578e-16
7.777482588664454191e-16 5.042469989061105515e-16 7.786658467295989801e-16
7.710077455177241771e-16 5.028233104334154157e-16 7.719293430921207926e-16
7.642685453926705610e-16 5.013613581958015263e-16 7.651941261015141535e-16
7.575307413799466606e-16 4.998615300634848847e-16 7.584602782976803227e-16
7.507944191107103086e-16 4.983242094879359020e-16 7.517278849470030186e-16
7.440596670160842881e-16 4.967497755461652612e-16 7.449970340995707120e-16
7.373265763860363193e-16 4.951386029847884054e-16 7.382678166477951046e-16
7.305952414297352995e-16 4.934910622638121500e-16 7.315403263864919593e-16
7.238657593374204816e-16 4.918075196000764636e-16 7.248146600744604696e-16
7.171382303438232277e-16 4.900883370102961985e-16 7.180909174976011053e-16
7.104127577932152964e-16 4.883338723536465628e-16 7.113692015336395793e-16
7.036894482061116670e-16 4.865444793738284387e-16 7.046496182184900669e-16
6.969684113476840082e-16 4.847205077405664097e-16 6.979322768143224633e-16
6.902497602979662419e-16 4.828623030904744182e-16 6.912172898793911679e-16
6.835336115238661055e-16 4.809702070672346209e-16 6.845047733396658237e-16
6.768200849530966041e-16 4.790445573610376727e-16 6.777948465623486179e-16
6.701093040500420460e-16 4.770856877472240924e-16 6.710876324313250799e-16
6.634013958936499706e-16 4.750939281240659667e-16 6.643832574246154317e-16
6.566964912574263782e-16 4.730696045496403798e-16 6.576818516939000499e-16
6.499947246915715324e-16 4.710130392777259372e-16 6.509835491461895448e-16
6.432962346073756526e-16 4.689245507926680510e-16 6.442884875277039463e-16
6.366011633639095012e-16 4.668044538431496809e-16 6.375968085100554617e-16
6.299096573571267161e-16 4.646530594748047177e-16 6.309086577787987042e-16
6.232218671114433632e-16 4.624706750616046879e-16 6.242241851244479850e-16
6.165379473738817804e-16 4.602576043359605024e-16 6.175435445360324694e-16
6.098580572108952661e-16 4.580141474174588844e-16 6.108668942973013142e-16
6.031823601079343559e-16 4.557406008401656343e-16 6.041943970856601372e-16
5.965110240718960895e-16 4.534372575784210855e-16 5.975262200739460056e-16
5.898442217365302247e-16 4.511044070710435400e-16 5.908625350351492140e-16
5.831821304709342357e-16 4.487423352438607140e-16 5.842035184501825311e-16
5.765249324912490159e-16 4.463513245304804450e-16 5.775493516188240333e-16
5.698728149756687833e-16 4.439316538912058511e-16 5.709002207739549126e-16
5.632259701829149719e-16 4.414835988300013130e-16 5.642563171992080219e-16
5.565845955742844526e-16 4.390074314094036217e-16 5.576178373501770438e-16
5.499488939394316289e-16 4.365034202632675543e-16 5.509849829793109214e-16
5.433190735260287717e-16 4.339718306072305581e-16 5.443579612646563519e-16
5.366953481734510218e-16 4.314129242467787547e-16 5.377369849425853108e-16
5.300779374506761797e-16 4.288269595827693113e-16 5.311222724446932827e-16
5.234670667985354558e-16 4.262141916142847861e-16 5.245140480390108858e-16
5.168629676765318253e-16 4.235748719386579772e-16 5.179125419757358656e-16
5.102658777143986475e-16 4.209092487485163077e-16 5.113179906376570374e-16
5.036760408686026683e-16 4.182175668256638146e-16 5.047306366954807018e-16
4.970937075840144561e-16 4.155000675316321731e-16 4.981507292682594141e-16
4.905191349609530508e-16 4.127569887946935315e-16 4.915785240891554247e-16
4.839525869278605167e-16 4.099885650931261581e-16 4.850142836767678573e-16
4.773943344198476905e-16 4.071950274345142878e-16 4.784582775122704385e-16
4.708446555633696746e-16 4.043766033308283015e-16 4.719107822226249367e-16
4.643038358673292652e-16 4.015335167690332480e-16 4.653720817701368447e-16
4.577721684208820490e-16 3.986659881769378724e-16 4.588424676486622443e-16
4.512499540982705471e-16 3.957742343839842843e-16 4.523222390867583237e-16
4.447375017710229665e-16 3.928584685766483756e-16 4.458117032581146862e-16
4.382351285278455644e-16 3.899189002481006342e-16 4.393111754996087040e-16
4.317431599026175012e-16 3.869557351417394798e-16 4.328209795373578014e-16
4.252619301108480024e-16 3.839691751881885434e-16 4.263414477211535332e-16
4.187917822950428649e-16 3.809594184353131671e-16 4.198729212676951594e-16
4.123330687794167478e-16 3.779266589707597857e-16 4.134157505130708400e-16
4.058861513344264848e-16 3.748710868365058725e-16 4.069702951749409306e-16
3.994514014516424681e-16 3.717928879348386154e-16 4.005369246249415138e-16
3.930292006294833377e-16 3.686922439251486883e-16 3.941160181718262012e-16
3.866199406704061631e-16 3.655693321108625221e-16 3.877079653559199539e-16
3.802240239901568785e-16 3.624243253157761300e-16 3.813131662554972260e-16
3.738418639397398188e-16 3.592573917489944295e-16 3.749320318057210909e-16
3.674738851408163299e-16 3.560686948575980577e-16 3.685649841308400629e-16
3.611205238352766460e-16 3.528583931660913426e-16 3.622124568903905522e-16
3.547822282497935664e-16 3.496266401015814087e-16 3.558748956401868627e-16
3.484594589762276520e-16 3.463735838035562021e-16 3.495527582089590347e-16
3.421526893688003985e-16 3.430993669170047325e-16 3.432465150915457724e-16
3.358624059590464629e-16 3.398041263675209144e-16 3.369566498596286295e-16
3.295891088896053159e-16 3.364879931168762486e-16 3.306836595910545195e-16
3.233333123680100764e-16 3.331510918974168637e-16 3.244280553188918769e-16
3.170955451417254968e-16 3.297935409234637329e-16 3.181903625014360061e-16
3.108763509957631476e-16 3.264154515777100444e-16 3.119711215144865866e-16
3.046762892743392583e-16 3.230169280704098214e-16 3.057708881673225104e-16
2.984959354281339048e-16 3.195980670689075420e-16 2.995902342439174092e-16
2.923358815888564694e-16 3.161589572948124806e-16 2.934297480710642126e-16
2.861967371729539886e-16 3.126996790858188679e-16 2.872900351152105456e-16
2.800791295164715698e-16 3.092203039188517996e-16 2.811717186099870279e-16
2.739837045432304458e-16 3.057208938908383476e-16 2.750754402165384309e-16
2.679111274686947876e-16 3.022015011530049031e-16 2.690018607190041592e-16
2.618620835421115830e-16 2.986621672941061794e-16 2.629516607576612198e-16
2.558372788297324681e-16 2.951029226674759288e-16 2.569255416025031660e-16
2.498374410422116219e-16 2.915237856561671654e-16 2.509242259702751208e-16
2.438633204095418981e-16 2.879247618697702793e-16 2.449484588882647828e-16
2.379156906072421153e-16 2.843058432656967326e-16 2.389990086084844371e-16
2.319953497378538023e-16 2.806670071868313216e-16 2.330766675762227397e-16
2.261031213722329579e-16 2.770082153064042397e-16 2.271822534573493814e-16
2.202398556555727793e-16 2.733294124697677473e-16 2.213166102292043338e-16
2.144064304836072278e-16 2.696305254213879590e-16 2.154806093404110295e-16
2.086037527550459954e-16 2.659114614037905526e-16 2.096751509455114965e-16
2.028327597069251875e-16 2.621721066133856143e-16 2.039011652209715332e-16
1.970944203403302305e-16 2.584123244959723798e-16 1.981596137698317610e-16
1.913897369447794437e-16 2.546319538622788697e-16 1.924514911230921538e-16
1.857197467305289355e-16 2.508308068010164612e-16 1.867778263468795116e-16
1.800855235791585148e-16 2.470086663635727857e-16 1.811396847654856093e-16
1.744881799240715794e-16 2.431652839905236666e-16 1.755381698116301210e-16
1.689288687739703248e-16 2.393003766454933388e-16 1.699744250166648799e-16
1.634087858940721210e-16 2.354136236163996527e-16 1.644496361550941969e-16
1.579291721617256567e-16 2.315046629375822422e-16 1.589650335596293543e-16
1.524913161153526833e-16 2.275730873785480147e-16 1.535218946251735118e-16
1.470965567182404626e-16 2.236184399357423073e-16 1.481215465226575165e-16
1.417462863617415200e-16 2.196402087525771763e-16 1.427653691465727979e-16
1.364419541360314236e-16 2.156378213794388979e-16 1.374547983235132910e-16
1.311850694007516179e-16 2.116106382690006019e-16 1.321913293130771963e-16
1.259772056928618710e-16 2.075579453822171745e-16 1.269765206372773674e-16
1.208200050149133001e-16 2.034789457558795653e-16 1.218119982802938625e-16
1.157151825540167718e-16 1.993727498524715193e-16 1.166994603071797511e-16
1.106645318902401075e-16 1.952383644756766148e-16 1.116406819582589203e-16
1.056699307633632810e-16 1.910746799882755421e-16 1.066375212857420633e-16
1.007333474793225512e-16 1.868804555106517604e-16 1.016919254109538151e-16
9.585684805276731681e-17 1.826543017041402314e-16 9.680593749501756050e-17
9.104260420073916735e-17 1.783946606492343491e-16 9.198170453358880643e-17
8.629290232543740813e-17 1.740997822077000641e-16 8.722148610812824127e-17
8.161015365266701919e-17 1.697676961010450073e-16 8.252766425346420227e-17
7.699690572850097538e-17 1.653961787331663328e-16 7.790275463555833203e-17
7.245585552223440431e-17 1.609827135150484874e-16 7.334941927658313562e-17
6.798986444189678148e-17 1.565244430894244351e-16 6.887048111952103566e-17
6.360197564373388341e-17 1.520181113678944468e-16 6.446894079545148943e-17
5.929543411509205578e-17 1.474599926302263517e-16 6.014799604906430061e-17
5.507371013953606930e-17 1.428458040184376911e-16 5.591106439951134898e-17
5.094052692601564015e-17 1.381705964704365067e-16 5.176180977577501098e-17
4.689989341835102010e-17 1.334286173003211938e-16 4.770417408466936189e-17
4.295614362403468180e-17 1.286131349633369853e-16 4.374241496985237356e-17
3.911398425307153818e-17 1.237162125900065476e-16 3.988115143885759899e-17
3.537855310197566141e-17 1.187284108888319154e-16 3.612541962959030019e-17
3.175549155676641279e-17 1.136383917316814540e-16 3.248074184934437157e-17
2.825103598930206880e-17 1.084323789272843691e-16 2.895321329733728518e-17
2.487213496789271578e-17 1.030934083157008426e-16 2.554961282754432242e-17
2.162660259713355076e-17 9.760025772640548466e-17 2.227754716129721416e-17
1.852332386507800526e-17 9.192587332335792869e-17 1.914564291734426352e-17
1.557253738937456429e-17 8.603497043285050032e-17 1.616380921389673831e-17
1.278623806821875796e-17 7.988021222999344918e-17 1.334360848468161708e-17
1.017877488964316800e-17 7.339578338757011093e-17 1.069880116661865359e-17
7.767786839678890522e-18 6.648580516140031270e-17 8.246186587817605783e-18
5.575774419474798409e-18 5.900143010531149971e-17 6.006988081000004490e-18
3.633008317083257719e-18 5.068927693544197858e-17 4.009345352291901515e-18
1.983763246959846033e-18 4.104974219880469086e-17 2.293413944420533911e-18
7.035721943707988492e-19 2.877703726513103104e-17 9.241794614369589826e-19
nan nan nan
