8.929824846020498532e-30 1.371338021847049898e-22 2.179553108627545040e-29
1.626168442910794425e-15 3.289360968472302123e-19 1.419187943160282956e-15
1.621619591438750340e-15 1.281924501572549217e-18 1.551384105836872387e-15
1.617060124018077486e-15 2.811554772610494842e-18 1.582364355245615929e-15
1.612490021557633166e-15 4.873422862880083581e-18 1.592000122134323342e-15
1.607909265247263979e-15 7.426051352390861040e-18 1.594486667761171739e-15
1.603317836478874762e-15 1.043068869271617049e-17 1.593913610014810115e-15
1.598715716833697762e-15 1.385112329302457394e-17 1.591812355012384027e-15
1.594102888081304976e-15 1.765351125764176067e-17 1.588861039869014140e-15
1.589479332181643020e-15 2.180621668843204512e-17 1.585397373376487146e-15
1.584845031288040661e-15 2.627966355893737189e-17 1.581604854025959141e-15
1.580199967750651605e-15 3.104619825215372295e-17 1.577590145702751448e-15
1.575544124120097255e-15 3.607996193094022813e-17 1.573418677663497810e-15
1.570877483151226231e-15 4.135677198010591399e-17 1.569132388959176806e-15
1.566200027807002856e-15 4.685401182291260358e-17 1.564759164054659819e-15
1.561511741262436479e-15 5.255052847267029921e-17 1.560318125709933816e-15
1.556812606908599728e-15 5.842653723286503848e-17 1.555822740511069262e-15
1.552102608356719944e-15 6.446353300731635817e-17 1.551282712253756418e-15
1.547381729442309848e-15 7.064420772569142308e-17 1.546705175195210655e-15
1.542649954229404912e-15 7.695237342968056635e-17 1.542095468136801635e-15
1.537907267014811175e-15 8.337289060164119658e-17 1.537457649541706690e-15
1.533153652332479478e-15 8.989160135086535763e-17 1.532794848163297244e-15
1.528389094957884627e-15 9.649526710310992029e-17 1.528109506583213452e-15
1.523613579912519139e-15 1.031715104669094468e-16 1.523403553470479183e-15
1.518827092468435310e-15 1.099087609757227602e-16 1.518678527443422824e-15
1.514029618152838745e-15 1.166962044283321702e-16 1.513935667472557989e-15
1.509221142752791749e-15 1.235237355713456516e-16 1.509175979768984978e-15
1.504401652319953394e-15 1.303819138872873232e-16 1.504400287897176377e-15
1.499571133175399852e-15 1.372619222697942013e-16 1.499609270753947360e-15
1.494729571914527366e-15 1.441555283839818776e-16 1.494803491658812881e-15
1.489876955412009251e-15 1.510550485252365551e-16 1.489983420856338273e-15
1.485013270826860777e-15 1.579533138036706721e-16 1.485149453082204181e-15
1.480138505607545663e-15 1.648436384943178724e-16 1.480301921393104163e-15
1.475252647497172700e-15 1.717197904049660806e-16 1.475441108141988383e-15
1.470355684538783875e-15 1.785759631244169547e-16 1.470567253753012712e-15
1.465447605080706995e-15 1.854067500239668838e-16 1.465680563786453935e-15
1.460528397781996260e-15 1.922071198941603539e-16 1.460781214664329254e-15
1.455598051617948966e-15 1.989723941073734845e-16 1.455869358339463814e-15
1.450656555885717857e-15 2.056982252046361826e-16 1.450945126125287924e-15
1.445703900210006302e-15 2.123805768123750261e-16 1.446008631854677713e-15
1.440740074548836450e-15 2.190157048014287133e-16 1.441059974499095014e-15
1.435765069199427427e-15 2.256001396068930904e-16 1.436099240351109706e-15
1.430778874804142556e-15 2.321306696330643229e-16 1.431126504851757538e-15
1.425781482356542683e-15 2.386043256730356950e-16 1.426141834127453379e-15
1.420772883207543629e-15 2.450183662773995393e-16 1.421145286288278775e-15
1.415753069071616244e-15 2.513702640110274985e-16 1.416136912529220134e-15
1.410722032033159614e-15 2.576576925411054229e-16 1.411116758068019821e-15
1.405679764552897737e-15 2.638785145034722912e-16 1.406084862946944405e-15
1.400626259474434365e-15 2.700307700979214828e-16 1.401041262720733096e-15
1.395561510030872136e-15 2.761126663664537937e-16 1.395985989049059893e-15
1.390485509851542155e-15 2.821225671115789105e-16 1.390919070208441406e-15
1.385398252968856431e-15 2.880589834146206440e-16 1.385840531536120990e-15
1.380299733825239990e-15 2.939205647166613264e-16 1.380750395816189543e-15
1.375189947280193944e-15 2.997060904272364233e-16 1.375648683616537179e-15
1.370068888617455194e-15 3.054144620281816043e-16 1.370535413583831201e-15
1.364936553552265188e-15 3.110446956421977241e-16 1.365410602702552585e-15
1.359792938238772988e-15 3.165959150376582012e-16 1.360274266523142827e-15
1.354638039277534181e-15 3.220673450430607220e-16 1.355126419363566395e-15
1.349471853723132657e-15 3.274583053462368293e-16 1.349967074487916917e-15
1.344294379091929983e-15 3.327682046550306917e-16 1.344796244265139352e-15
1.339105613369927784e-15 3.379965351976659642e-16 1.339613940310512977e-15
1.333905555020761465e-15 3.431428675423941906e-16 1.334420173612143466e-15
1.328694202993818184e-15 3.482068457173302210e-16 1.329214954644358877e-15
1.323471556732480645e-15 3.531881826125793830e-16 1.323998293469720412e-15
1.318237616182507165e-15 3.580866556478867062e-16 1.318770199831021550e-15
1.312992381800540137e-15 3.629021026901009397e-16 1.313530683234537323e-15
1.307735854562762782e-15 3.676344182057123168e-16 1.308279753025578850e-15
1.302468035973671688e-15 3.722835496346574705e-16 1.303017418457279052e-15
1.297188928075011835e-15 3.768494939724187825e-16 1.297743688753417136e-15
1.291898533454853034e-15 3.813322945482660570e-16 1.292458573165982766e-15
1.286596855256785679e-15 3.857320379882185066e-16 1.287162081028086737e-15
1.281283897189318841e-15 3.900488513520161897e-16 1.281854221802769571e-15
1.275959663535361786e-15 3.942828994340295641e-16 1.276535005128153357e-15
1.270624159161921833e-15 3.984343822186625178e-16 1.271204440859374832e-15
1.265277389529924885e-15 4.025035324813567395e-16 1.265862539107659437e-15
1.259919360704201030e-15 4.064906135268579848e-16 1.260509310276833746e-15
1.254550079363641516e-15 4.103959170568936428e-16 1.255144765097604822e-15
1.249169552811513504e-15 4.142197611598841268e-16 1.249768914659807275e-15
1.243777788985949551e-15 4.179624884157458166e-16 1.244381770442888792e-15
1.238374796470613402e-15 4.216244641092658643e-16 1.238983344344799997e-15
1.232960584505525137e-15 4.252060745458971282e-16 1.233573648709475603e-15
1.227535162998085698e-15 4.287077254642007466e-16 1.228152696353070550e-15
1.222098542534270824e-15 4.321298405394892154e-16 1.222720500589092319e-15
1.216650734390014118e-15 4.354728599735481447e-16 1.217277075252531401e-15
1.211191750542786736e-15 4.387372391656176394e-16 1.211822434723158330e-15
1.205721603683354372e-15 4.419234474600764505e-16 1.206356593948016675e-15
1.200240307227749407e-15 4.450319669665583486e-16 1.200879568463268171e-15
1.194747875329435735e-15 4.480632914484596806e-16 1.195391374415440494e-15
1.189244322891668240e-15 4.510179252760348150e-16 1.189892028582148271e-15
1.183729665580087752e-15 4.538963824404986873e-16 1.184381548392382182e-15
1.178203919835495265e-15 4.566991856257507536e-16 1.178859951946406209e-15
1.172667102886876430e-15 4.594268653345341425e-16 1.173327258035319805e-15
1.167119232764617534e-15 4.620799590660236089e-16 1.167783486160347712e-15
1.161560328313970964e-15 4.646590105420054447e-16 1.162228656551893518e-15
1.155990409208735633e-15 4.671645689789682070e-16 1.156662790188416306e-15
1.150409495965182937e-15 4.695971884035863192e-16 1.151085908815138692e-15
1.144817609956215429e-15 4.719574270092004760e-16 1.145498034962657430e-15
1.139214773425768460e-15 4.742458465510529118e-16 1.139899191965474942e-15
1.133601009503476881e-15 4.764630117781491856e-16 1.134289403980470690e-15
1.127976342219570309e-15 4.786094898997331107e-16 1.128668696005365650e-15
1.122340796520051213e-15 4.806858500844878755e-16 1.123037093897190532e-15
1.116694398282133899e-15 4.826926629906653438e-16 1.117394624390777075e-15
1.111037174329941469e-15 4.846305003254515250e-16 1.111741315117326253e-15
1.105369152450493661e-15 4.864999344319722533e-16 1.106077194623034071e-15
1.099690361409970008e-15 4.883015379024231774e-16 1.100402292387824447e-15
1.094000830970260137e-15 4.900358832159005633e-16 1.094716638844205751e-15
1.088300591905818967e-15 4.917035423995739006e-16 1.089020265396250794e-15
1.082589676020802543e-15 4.933050867119334975e-16 1.083313204438749191e-15
1.076868116166534599e-15 4.948410863468939825e-16 1.077595489376519071e-15
1.071135946259259282e-15 4.963121101576243558e-16 1.071867154643904165e-15
1.065393201298247283e-15 4.977187253990075839e-16 1.066128235724489414e-15
1.059639917384196218e-15 4.990614974877293618e-16 1.060378769171022668e-15
1.053876131737984805e-15 5.003409897790041478e-16 1.054618792625573825e-15
1.048101882719765474e-15 5.015577633590474551e-16 1.048848344839942860e-15
1.042317209848403075e-15 5.027123768524092957e-16 1.043067465696322659e-15
1.036522153821269378e-15 5.038053862433630554e-16 1.037276196228247811e-15
1.030716756534405365e-15 5.048373447105625162e-16 1.031474578641826403e-15
1.024901061103053708e-15 5.058088024742460065e-16 1.025662656337264287e-15
1.019075111882578170e-15 5.067203066552791855e-16 1.019840473930720278e-15
1.013238954489763252e-15 5.075724011453856486e-16 1.014008077276478663e-15
1.007392635824517128e-15 5.083656264879430439e-16 1.008165513489459941e-15
1.001536204091984212e-15 5.091005197687485164e-16 1.002312830968090097e-15
9.956697088250669374e-16 5.097776145162002922e-16 9.964500794175343306e-16
9.897932009073894969e-16 5.103974406103618360e-16 9.905773098733005636e-16
9.839067325966779058e-16 5.109605242004099240e-16 9.846945747252458576e-16
9.780103575486019424e-16 5.114673876299872017e-16 9.788019277419804178e-16
9.721041308410627945e-16 5.119185493700147035e-16 9.728994240956820016e-16
9.661881089989567836e-16 5.123145239585307559e-16 9.669871203873513003e-16
9.602623500194149702e-16 5.126558219471573978e-16 9.610650746725031670e-16
9.543269133975281041e-16 5.129429498538100424e-16 9.551333464873102557e-16
9.483818601525837448e-16 5.131764101212819842e-16 9.491919968752296403e-16
9.424272528548009539e-16 5.133567010813652298e-16 9.432410884140940737e-16
9.364631556526102890e-16 5.134843169241801776e-16 9.372806852437134414e-16
9.304896343004570089e-16 5.135597476724037295e-16 9.313108530939852286e-16
9.245067561871600316e-16 5.135834791600942917e-16 9.253316593135268182e-16
9.185145903648463660e-16 5.135559930158538347e-16 9.193431728988521032e-16
9.125132075784515519e-16 5.134777666500421344e-16 9.133454645241050344e-16
9.065026802958206195e-16 5.133492732458051553e-16 9.073386065713552322e-16
9.004830827384202200e-16 5.131709817536788481e-16 9.013226731614962875e-16
8.944544909126652777e-16 5.129433568895327858e-16 8.952977401857333421e-16
8.884169826419009889e-16 5.126668591356579049e-16 8.892638853376962356e-16
8.823706375990283344e-16 5.123419447447732282e-16 8.832211881461936016e-16
8.763155373398060391e-16 5.119690657467736824e-16 8.771697300086151125e-16
8.702517653368456461e-16 5.115486699580318530e-16 8.711095942250076075e-16
8.641794070143141976e-16 5.110812009930765768e-16 8.650408660328482792e-16
8.580985497833619781e-16 5.105670982784854728e-16 8.589636326425195509e-16
8.520092830782977038e-16 5.100067970688322586e-16 8.528779832735240044e-16
8.459116983935357104e-16 5.094007284645425180e-16 8.467840091914371889e-16
8.398058893213140549e-16 5.087493194315102066e-16 8.406818037456429793e-16
8.336919515902373729e-16 5.080529928223439444e-16 8.345714624078572042e-16
8.275699831046407410e-16 5.073121673991148055e-16 8.284530828114648853e-16
8.214400839848025523e-16 5.065272578574743601e-16 8.223267647916915983e-16
8.153023566080410139e-16 5.056986748520377532e-16 8.161926104266501740e-16
8.091569056507033395e-16 5.048268250229124065e-16 8.100507240792537652e-16
8.030038381310823461e-16 5.039121110232671294e-16 8.039012124400560237e-16
7.968432634532857981e-16 5.029549315478400728e-16 7.977441845710175952e-16
7.906752934520722043e-16 5.019556813622890884e-16 7.915797519502418308e-16
7.845000424387095702e-16 5.009147513332919979e-16 7.854080285177005168e-16
7.783176272478490199e-16 4.998325284593054633e-16 7.792291307219782224e-16
7.721281672854714663e-16 4.987093959018951895e-16 7.730431775680750029e-16
7.659317845779374042e-16 4.975457330175611364e-16 7.668502906662755432e-16
7.597286038221343053e-16 4.963419153899755041e-16 7.606505942821447961e-16
7.535187524368170662e-16 4.950983148625573623e-16 7.544442153876626361e-16
7.473023606151233664e-16 4.938152995713057326e-16 7.482312837135467351e-16
7.410795613783176770e-16 4.924932339778345184e-16 7.420119318027772684e-16
7.348504906308121397e-16 4.911324789025227088e-16 7.357862950653923757e-16
7.286152872164800924e-16 4.897333915577270000e-16 7.295545118345583242e-16
7.223740929763280143e-16 4.882963255809849511e-16 7.233167234239870451e-16
7.161270528075413693e-16 4.868216310681465504e-16 7.170730741867110042e-16
7.098743147239673614e-16 4.853096546063770987e-16 7.108237115752818677e-16
7.036160299180726610e-16 4.837607393069641595e-16 7.045687862034319138e-16
6.973523528244112099e-16 4.821752248378709891e-16 6.983084519092305324e-16
6.910834411846777336e-16 4.805534474559846769e-16 6.920428658198070083e-16
6.848094561143714188e-16 4.788957400389882960e-16 6.857721884176688741e-16
6.785305621711256642e-16 4.772024321168135759e-16 6.794965836086808158e-16
6.722469274247843697e-16 4.754738499026058622e-16 6.732162187917582655e-16
6.659587235292330466e-16 4.737103163231471298e-16 6.669312649303159140e-16
6.596661257961056421e-16 4.719121510486839964e-16 6.606418966255545655e-16
6.533693132703713174e-16 4.700796705220994043e-16 6.543482921916310030e-16
6.470684688078942657e-16 4.682131879873663408e-16 6.480506337327754523e-16
6.407637791550459497e-16 4.663130135172328124e-16 6.417491072224307000e-16
6.344554350303973672e-16 4.643794540400687541e-16 6.354439025844796219e-16
6.281436312086179583e-16 4.624128133658222150e-16 6.291352137766248221e-16
6.218285666066057070e-16 4.604133922110143182e-16 6.228232388760127790e-16
6.155104443719710066e-16 4.583814882227145179e-16 6.165081801671643251e-16
6.091894719739309881e-16 4.563173960014226939e-16 6.101902442323102642e-16
6.028658612967057210e-16 4.542214071227989164e-16 6.038696420441986877e-16
5.965398287355257410e-16 4.520938101581599262e-16 5.975465890614851203e-16
5.902115952953111534e-16 4.499348906936732047e-16 5.912213053267865493e-16
5.838813866921627305e-16 4.477449313481706373e-16 5.848940155675012017e-16
5.775494334577361960e-16 4.455242117894991339e-16 5.785649492995010556e-16
5.712159710466258177e-16 4.432730087493262666e-16 5.722343409337972734e-16
5.648812399468734663e-16 4.409915960363085277e-16 5.659024298862990536e-16
5.585454857937064820e-16 4.386802445475287771e-16 5.595694606907881769e-16
5.522089594866572892e-16 4.363392222781080689e-16 5.532356831152187962e-16
5.458719173101701715e-16 4.339687943288826486e-16 5.469013522814923581e-16
5.395346210578505121e-16 4.315692229120362717e-16 5.405667287888285455e-16
5.331973381605009619e-16 4.291407673545706991e-16 5.342320788408922832e-16
5.268603418180854445e-16 4.266836840994956443e-16 5.278976743768098281e-16
5.205239111358098314e-16 4.241982267045917898e-16 5.215637932062589310e-16
5.141883312644492535e-16 4.216846458386217903e-16 5.152307191487676702e-16
5.078538935451395754e-16 4.191431892748263605e-16 5.088987421774326811e-16
5.015208956587997798e-16 4.165741018815548263e-16 5.025681585672187943e-16
4.951896417803825750e-16 4.139776256098452005e-16 4.962392710480489325e-16
4.888604427381808116e-16 4.113539994777869867e-16 4.899123889628811864e-16
4.825336161783830786e-16 4.087034595514563351e-16 4.835878284310009512e-16
4.762094867351372246e-16 4.060262389222156322e-16 4.772659125167531467e-16
4.698883862063555051e-16 4.033225676801581262e-16 4.709469714039567998e-16
4.635706537355146774e-16 4.005926728834420928e-16 4.646313425762632004e-16
4.572566359997492342e-16 3.978367785232637843e-16 4.583193710037184491e-16
4.509466874044992819e-16 3.950551054841800432e-16 4.520114093358380508e-16
4.446411702850449776e-16 3.922478714994812573e-16 4.457078181014764608e-16
4.383404551152469638e-16 3.894152911012837301e-16 4.394089659158255672e-16
4.320449207238274757e-16 3.865575755649932311e-16 4.331152296948819595e-16
4.257549545185861065e-16 3.836749328477495394e-16 4.268269948777472913e-16
4.194709527189099035e-16 3.807675675204464037e-16 4.205446556571422618e-16
4.131933205970166470e-16 3.778356806928809198e-16 4.142686152185447705e-16
4.069224727283610938e-16 3.748794699315383477e-16 4.079992859883968655e-16
4.006588332516734101e-16 3.718991291694998088e-16 4.017370898918233340e-16
3.944028361391396922e-16 3.688948486078928507e-16 3.954824586203788825e-16
3.881549254772417247e-16 3.658668146082738598e-16 3.892358339103294718e-16
3.819155557588422463e-16 3.628152095752649838e-16 3.829976678320377054e-16
3.756851921871090945e-16 3.597402118287133057e-16 3.767684230910547676e-16
3.694643109919335769e-16 3.566419954645779352e-16 3.705485733415467428e-16
3.632533997595385463e-16 3.535207302036682469e-16 3.643386035127460150e-16
3.570529577760159362e-16 3.503765812272923529e-16 3.581390101491619304e-16
3.508634963855888773e-16 3.472097089987682023e-16 3.519503017653272071e-16
3.446855393644599806e-16 3.440202690696696293e-16 3.457729992159282182e-16
3.385196233111505599e-16 3.408084118695543947e-16 3.396076360822156870e-16
3.323662980543302320e-16 3.375742824778225550e-16 3.334547590756701866e-16
3.262261270791854386e-16 3.343180203761940481e-16 3.273149284599591045e-16
3.200996879734720197e-16 3.310397591801696926e-16 3.211887184923164976e-16
3.139875728944903009e-16 3.277396263476596439e-16 3.150767178855480597e-16
3.078903890582951629e-16 3.244177428627840808e-16 3.089795302919704169e-16
3.018087592525941237e-16 3.210742228926462345e-16 3.028977748106957742e-16
2.957433223748732920e-16 3.177091734146404778e-16 2.968320865197868822e-16
2.896947339974402897e-16 3.143226938116090563e-16 2.907831170349371552e-16
2.836636669612034054e-16 3.109148754318624127e-16 2.847515350964569930e-16
2.776508120001745129e-16 3.074858011107556074e-16 2.787380271865311107e-16
2.716568783988443667e-16 3.040355446501384823e-16 2.727432981788362742e-16
2.656825946847749651e-16 3.005641702515964232e-16 2.667680720228426864e-16
2.597287093589745547e-16 2.970717318989092372e-16 2.608130924652921684e-16
2.537959916668345305e-16 2.935582726846379208e-16 2.548791238115987186e-16
2.478852324126998120e-16 2.900238240751341783e-16 2.489669517301666044e-16
2.419972448214021779e-16 2.864684051075899186e-16 2.430773841028980849e-16
2.361328654504412828e-16 2.828920215119432147e-16 2.372112519254935906e-16
2.302929551568362482e-16 2.792946647495819695e-16 2.313694102614913747e-16
2.244784001230986808e-16 2.756763109597361631e-16 2.255527392543938040e-16
2.186901129472233310e-16 2.720369198032883541e-16 2.197621452026742461e-16
2.129290338021046249e-16 2.683764331923642207e-16 2.139985617029613573e-16
2.071961316703825227e-16 2.646947738925016051e-16 2.082629508672544431e-16
2.014924056613545632e-16 2.609918439823876647e-16 2.025563046206694610e-16
1.958188864173537332e-16 2.572675231540407701e-16 1.968796460869371467e-16
1.901766376178228645e-16 2.535216668338792659e-16 1.912340310696831280e-16
1.845667575902806948e-16 2.497541041022532808e-16 1.856205496384762848e-16
1.789903810384688277e-16 2.459646353856772134e-16 1.800403278296626087e-16
1.734486808992325341e-16 2.421530298920721896e-16 1.744945294732619436e-16
1.679428703411118612e-16 2.383190227546975224e-16 1.689843581585591939e-16
1.624742049193122128e-16 2.344623118449797952e-16 1.635110593526719824e-16
1.570439849036068488e-16 2.305825542079387109e-16 1.580759226882073138e-16
1.516535577979788796e-16 2.266793620661759379e-16 1.526802844382892958e-16
1.463043210733958029e-16 2.227522983291078995e-16 1.473255301997482941e-16
1.409977251381245539e-16 2.188008715329934136e-16 1.420130978081735895e-16
1.357352765735716631e-16 2.148245301238530908e-16 1.367444805119785287e-16
1.305185416677866422e-16 2.108226559790504202e-16 1.315212304366458664e-16
1.253491502837407305e-16 2.067945570434386865e-16 1.263449623750939010e-16
1.202288001053469774e-16 2.027394589315787121e-16 1.212173579457607029e-16
1.151592613112214897e-16 1.986564953175243020e-16 1.161401701667472180e-16
1.101423817345960991e-16 1.945446968964294008e-16 1.111152285024479935e-16
1.051800925779463214e-16 1.904029786558173825e-16 1.061444444488373670e-16
1.002744147632339076e-16 1.862301251360695802e-16 1.012298177353898360e-16
9.542746601368974398e-17 1.820247732860108751e-16 9.637344323599591923e-17
9.064146878155773855e-17 1.777853924256370328e-16 9.157751869889766862e-17
8.591875915906919700e-17 1.735102607075547233e-16 8.684435342746309063e-17
8.126179693841627917e-17 1.691974373127457559e-16 8.217637807075341042e-17
7.667317702226523554e-17 1.648447294124737712e-16 7.757615571684148892e-17
7.215564243168630342e-17 1.604496526593014742e-16 7.304639452483916859e-17
6.771209921630652701e-17 1.560093836116901834e-16 6.858996218644214067e-17
6.334563364629811406e-17 1.515207020132097290e-16 6.420990257843842912e-17
5.905953216340141130e-17 1.469799201873092176e-16 5.990945505958693709e-17
5.485730469700885924e-17 1.423827958952047027e-16 5.569207698630633313e-17
5.074271212355986978e-17 1.377244237218531863e-16 5.156147018296741869e-17
4.671979888092978076e-17 1.329990982247862516e-16 4.752161232055963946e-17
4.279293207082051117e-17 1.282001394223536361e-16 4.357679445645609008e-17
3.896684883193340650e-17 1.233196672605926822e-16 3.973166640481387497e-17
3.524671440832558255e-17 1.183483057373244002e-16 3.599129219901284129e-17
3.163819427204643460e-17 1.132747881149376998e-16 3.236121876543285540e-17
2.814754505364827028e-17 1.080854199057223048e-16 2.884756220031371225e-17
2.478173117158968985e-17 1.027633320421333435e-16 2.545711797886772328e-17
2.154857743104032544e-17 9.728741522775531923e-17 2.219750446538967463e-17
1.845697340197287400e-17 9.163075275699672983e-17 1.907735403002661987e-17
1.551715485913210490e-17 8.575823125254009284e-17 1.610657442855485036e-17
1.274110460698789292e-17 7.962273523280309666e-17 1.329671792456492169e-17
1.014314761845992674e-17 7.315874771611673372e-17 1.066152352695563129e-17
7.740882806784619711e-18 6.627081456801900778e-17 8.217754137238229156e-18
5.556747632506265658e-18 5.881073861976065779e-17 5.986575536094454560e-18
3.620913947511791357e-18 5.052624545593887690e-17 3.996037705958462483e-18
1.977493890665168057e-18 4.091996379423397151e-17 2.286151378079311481e-18
7.017131699598606443e-19 2.869240409132016033e-17 9.216425744171790741e-19
nan nan nan
