9.520743396610896831e-30 1.440807010297189851e-22 2.313487958048330070e-29
1.755693096028417030e-15 3.526574113641386917e-19 1.532143545694816691e-15
1.750882289661919801e-15 1.374175999146108666e-18 1.674945935748815637e-15
1.746056864024278446e-15 3.013586845048290668e-18 1.708483026990997512e-15
1.741216817858904005e-15 5.223159668138355486e-18 1.718976372401077277e-15
1.736362150191290175e-15 7.958313378610454273e-18 1.721749488119635959e-15
1.731492860359736485e-15 1.117739994068403431e-17 1.721216958887868182e-15
1.726608948018393494e-15 1.484150422033890603e-17 1.719031856328119821e-15
1.721710413140583701e-15 1.891425853582067051e-17 1.715926189394813281e-15
1.716797256022630873e-15 2.336167074018274882e-17 1.712264497308483425e-15
1.711869477287906899e-15 2.815196476604360425e-17 1.708244862335186287e-15
1.706927077891043127e-15 3.325543265426618715e-17 1.703982431710533533e-15
1.701970059122230638e-15 3.864429717136017769e-17 1.699547844922386313e-15
1.696998422611581863e-15 4.429258419588612170e-17 1.694986387112096008e-15
1.692012170333595531e-15 5.017600412276909124e-17 1.690328173781589077e-15
1.687011304611652390e-15 5.627184159685579372e-17 1.685593863795585251e-15
1.681995828122583896e-15 6.255885294389758734e-17 1.680798011368013375e-15
1.676965743901319387e-15 6.901717071892132525e-17 1.675951109677302390e-15
1.671921055345557923e-15 7.562821483917054829e-17 1.671060878780375701e-15
1.666861766220555086e-15 8.237460981187220840e-17 1.666133101093009532e-15
1.661787880663911567e-15 8.924010760640896871e-17 1.661172177357546250e-15
1.656699403190488954e-15 9.620951575640528465e-17 1.656181505071934401e-15
1.651596338697330642e-15 1.032686303100759659e-16 1.651163741333997229e-15
1.646478692468693190e-15 1.104041732772218098e-16 1.646120988753744953e-15
1.641346470181128363e-15 1.176037342487609027e-16 1.641054929130803879e-15
1.636199677908613483e-15 1.248557158898584996e-16 1.635966921020060653e-15
1.631038322127791641e-15 1.321492830308023595e-16 1.630858071918806719e-15
1.625862409723245424e-15 1.394743151009251518e-16 1.625729292348659423e-15
1.620671947992853481e-15 1.468213616702968456e-16 1.620581336842094100e-15
1.615466944653225775e-15 1.541816008817329381e-16 1.615414835336091498e-15
1.610247407845192278e-15 1.615468005720328627e-16 1.610230317455851871e-15
1.605013346139399543e-15 1.689092818964168079e-16 1.605028231471224695e-15
1.599764768541944755e-15 1.762618852839628920e-16 1.599808959221069716e-15
1.594501684500101869e-15 1.835979385645765352e-16 1.594572827956916202e-15
1.589224103908136109e-15 1.909112271197552444e-16 1.589320119812112005e-15
1.583932037113181179e-15 1.981959659201889973e-16 1.584051079425576512e-15
1.578625494921204430e-15 2.054467733232049063e-16 1.578765920120237153e-15
1.573304488603043818e-15 2.126586465122262746e-16 1.573464828941307892e-15
1.567969029900541890e-15 2.198269384688733172e-16 1.568147970788870393e-15
1.562619131032759241e-15 2.269473363761625307e-16 1.562815491826423863e-15
1.557254804702258192e-15 2.340158413584487157e-16 1.557467522307026967e-15
1.551876064101496504e-15 2.410287494704323220e-16 1.552104178928290210e-15
1.546482922919286378e-15 2.479826338537077542e-16 1.546725566804103197e-15
1.541075395347360136e-15 2.548743279850223987e-16 1.541331781122953573e-15
1.535653496087033739e-15 2.617009099456827125e-16 1.535922908548742638e-15
1.530217240355911704e-15 2.684596876464231695e-16 1.530499028408967836e-15
1.524766643894770114e-15 2.751481849465671727e-16 1.525060213706600952e-15
1.519301722974446332e-15 2.817641286104902578e-16 1.519606531985113927e-15
1.513822494402897335e-15 2.883054360482760178e-16 1.514138046070693833e-15
1.508328975532315435e-15 2.947702037910415420e-16 1.508654814711405978e-15
1.502821184266346950e-15 3.011566966547601917e-16 1.503156893129441703e-15
1.497299139067438665e-15 3.074633375494788461e-16 1.497644333499951233e-15
1.491762858964256086e-15 3.136886978937218712e-16 1.492117185367547444e-15
1.486212363559230076e-15 3.198314885965301585e-16 1.486575496009745126e-15
1.480647673036199737e-15 3.258905515720586824e-16 1.481019310755102076e-15
1.475068808168156256e-15 3.318648517539774434e-16 1.475448673262571905e-15
1.469475790325125015e-15 3.377534695790357002e-16 1.469863625767513859e-15
1.463868641482129529e-15 3.435555939111665114e-16 1.464264209299014536e-15
1.458247384227286346e-15 3.492705153793538510e-16 1.458650463872424371e-15
1.452612041770016299e-15 3.548976201042014188e-16 1.453022428660431006e-15
1.446962637949365411e-15 3.604363837897696395e-16 1.447380142145522036e-15
1.441299197242455766e-15 3.658863661587218699e-16 1.441723642256257384e-15
1.435621744773057267e-15 3.712472057102376317e-16 1.436052966489404881e-15
1.429930306320276748e-15 3.765186147814372662e-16 1.430368152019774165e-15
1.424224908327382365e-15 3.817003748942787365e-16 1.424669235799236866e-15
1.418505577910750857e-15 3.867923323710262650e-16 1.418956254646293674e-15
1.412772342868961340e-15 3.917943942024334228e-16 1.413229245327324844e-15
1.407025231691993814e-15 3.967065241537872068e-16 1.407488244630522638e-15
1.401264273570591371e-15 4.015287390948592902e-16 1.401733289433376595e-15
1.395489498405756892e-15 4.062611055406909511e-16 1.395964416764470530e-15
1.389700936818361571e-15 4.109037363909262526e-16 1.390181663860239896e-15
1.383898620158956377e-15 4.154567878561722634e-16 1.384385068217290612e-15
1.378082580517653908e-15 4.199204565605539733e-16 1.378574667640751504e-15
1.372252850734226610e-15 4.242949768103042147e-16 1.372750500289144323e-15
1.366409464408320546e-15 4.285806180188273011e-16 1.366912604716142093e-15
1.360552455909828329e-15 4.327776822792644685e-16 1.361061019909555605e-15
1.354681860389424949e-15 4.368865020761206539e-16 1.355195785327884495e-15
1.348797713789260586e-15 4.409074381280158324e-16 1.349316940934663465e-15
1.342900052853814746e-15 4.448408773540988801e-16 1.343424527230883079e-15
1.336988915140927689e-15 4.486872309571090660e-16 1.337518585285673500e-15
1.331064339032978592e-15 4.524469326164734844e-16 1.331599156765447964e-15
1.325126363748259341e-15 4.561204367852308086e-16 1.325666283961679762e-15
1.319175029352508272e-15 4.597082170849247172e-16 1.319720009817469295e-15
1.313210376770630276e-15 4.632107647929636994e-16 1.313760377953011070e-15
1.307232447798600120e-15 4.666285874172579666e-16 1.307787432690132996e-15
1.301241285115538722e-15 4.699622073532428271e-16 1.301801219075953726e-15
1.295236932295999268e-15 4.732121606186926207e-16 1.295801782905812481e-15
1.289219433822432199e-15 4.763789956619796748e-16 1.289789170745532475e-15
1.283188835097839720e-15 4.794632722396941510e-16 1.283763429953092312e-15
1.277145182458660864e-15 4.824655603597719860e-16 1.277724608699808076e-15
1.271088523187818652e-15 4.853864392864917143e-16 1.271672755991064800e-15
1.265018905528018124e-15 4.882264966039164174e-16 1.265607921686662564e-15
1.258936378695218307e-15 4.909863273345505137e-16 1.259530156520842523e-15
1.252840992892352672e-15 4.936665331101581008e-16 1.253439512122030905e-15
1.246732799323246224e-15 4.962677213918650888e-16 1.247336041032364314e-15
1.240611850206777522e-15 4.987905047368385394e-16 1.241219796727007346e-15
1.234478198791255082e-15 5.012355001089653149e-16 1.235090833633332764e-15
1.228331899369033980e-15 5.036033282311241077e-16 1.228949207149989641e-15
1.222173007291379372e-15 5.058946129767616765e-16 1.222794973665877439e-15
1.216001578983555830e-15 5.081099807986114141e-16 1.216628190579079461e-15
1.209817671960181525e-15 5.102500601925226353e-16 1.210448916315771450e-15
1.203621344840837231e-15 5.123154811944757643e-16 1.204257210349122304e-15
1.197412657365918673e-15 5.143068749089577994e-16 1.198053133218245272e-15
1.191191670412771104e-15 5.162248730669887911e-16 1.191836746547176180e-15
1.184958446012082425e-15 5.180701076121677727e-16 1.185608113063938415e-15
1.178713047364554773e-15 5.198432103132106120e-16 1.179367296619699827e-15
1.172455538857870161e-15 5.215448124015176300e-16 1.173114362208032766e-15
1.166185986083916633e-15 5.231755442324143448e-16 1.166849375984318483e-15
1.159904455856341408e-15 5.247360349687503077e-16 1.160572405285292931e-15
1.153611016228368486e-15 5.262269122856467088e-16 1.154283518648747978e-15
1.147305736510960984e-15 5.276488020952148839e-16 1.147982785833433776e-15
1.140988687291261949e-15 5.290023282901678430e-16 1.141670277839142565e-15
1.134659940451372398e-15 5.302881125052635059e-16 1.135346066927008236e-15
1.128319569187458910e-15 5.315067738956194058e-16 1.129010226640031505e-15
1.121967648029185246e-15 5.326589289309510416e-16 1.122662831823840760e-15
1.115604252859489483e-15 5.337451912048676145e-16 1.116303958647715597e-15
1.109229460934709631e-15 5.347661712583784024e-16 1.109933684625870685e-15
1.102843350905066800e-15 5.357224764168388591e-16 1.103552088639012964e-15
1.096446002835515784e-15 5.366147106395722297e-16 1.097159250956208872e-15
1.090037498226959695e-15 5.374434743814703141e-16 1.090755253257041673e-15
1.083617920037853712e-15 5.382093644659044250e-16 1.084340178654093991e-15
1.077187352706193982e-15 5.389129739683078598e-16 1.077914111715759498e-15
1.070745882171906682e-15 5.395548921098325200e-16 1.071477138489401310e-15
1.064293595899651812e-15 5.401357041605113045e-16 1.065029346524858261e-15
1.057830582902032476e-15 5.406559913513883729e-16 1.058570824898329646e-15
1.051356933763239402e-15 5.411163307951053064e-16 1.052101664236637814e-15
1.044872740663129154e-15 5.415172954144600900e-16 1.045621956741877317e-15
1.038378097401749416e-15 5.418594538784828534e-16 1.039131796216480765e-15
1.031873099424328336e-15 5.421433705455929205e-16 1.032631278088701202e-15
1.025357843846723768e-15 5.423696054134259744e-16 1.026120499438519086e-15
1.018832429481362794e-15 5.425387140749416393e-16 1.019599559024013520e-15
1.012296956863658504e-15 5.426512476804397288e-16 1.013068557308169317e-15
1.005751528278949602e-15 5.427077529051411204e-16 1.006527596486173563e-15
9.991962477899403340e-16 5.427087719219960151e-16 9.999767805131937759e-16
9.926312212646713301e-16 5.426548423793990119e-16 9.934162151326550169e-16
9.860565564050444202e-16 5.425464973835289768e-16 9.868460079050344994e-16
9.794723627758888047e-16 5.423842654850119692e-16 9.802662682371874918e-16
9.728787518345983623e-16 5.421686706696498576e-16 9.736771074122108304e-16
9.662758369613619826e-16 5.419002323529577545e-16 9.670786386198775681e-16
9.596637334899780511e-16 5.415794653782605931e-16 9.604709769876401934e-16
9.530425587392982477e-16 5.412068800181365454e-16 9.538542396122249047e-16
9.464124320452860647e-16 5.407829819789662851e-16 9.472285455918455337e-16
9.397734747937298829e-16 5.403082724083998512e-16 9.405940160590304147e-16
9.331258104536145486e-16 5.397832479055369969e-16 9.339507742140988801e-16
9.264695646111743297e-16 5.392084005336333722e-16 9.272989453593015825e-16
9.198048650046420411e-16 5.385842178351591884e-16 9.206386569336348993e-16
9.131318415597148507e-16 5.379111828490352371e-16 9.139700385483619580e-16
9.064506264257616145e-16 5.371897741298961830e-16 9.072932220232416653e-16
8.997613540127677963e-16 5.364204657692172458e-16 9.006083414235087312e-16
8.930641610290773349e-16 5.356037274181677955e-16 8.939155330976068586e-16
8.863591865199178491e-16 5.347400243120511514e-16 8.872149357157043835e-16
8.796465719067451744e-16 5.338298172961938134e-16 8.805066903090080461e-16
8.729264610274352343e-16 5.328735628531709256e-16 8.737909403099205465e-16
8.661990001773357703e-16 5.318717131312346535e-16 8.670678315930259117e-16
8.594643381512070191e-16 5.308247159738430233e-16 8.603375125169669658e-16
8.527226262860820051e-16 5.297330149501720751e-16 8.536001339672124380e-16
8.459740185050532505e-16 5.285970493865113437e-16 8.468558493997566020e-16
8.392186713620470419e-16 5.274172543984454397e-16 8.401048148857692971e-16
8.324567440875728261e-16 5.261940609237215439e-16 8.333471891572266994e-16
8.256883986355053245e-16 5.249278957557114086e-16 8.265831336535590336e-16
8.189137997309323000e-16 5.236191815773858211e-16 8.198128125693253823e-16
8.121331149190553535e-16 5.222683369957138702e-16 8.130363929029743611e-16
8.053465146152431490e-16 5.208757765764054648e-16 8.062540445067000299e-16
7.985541721562192171e-16 5.194419108789165434e-16 7.994659401374428348e-16
7.917562638524300914e-16 5.179671464916516966e-16 7.926722555090490909e-16
7.849529690416495907e-16 5.164518860672765391e-16 7.858731693456573419e-16
7.781444701438278247e-16 5.148965283580822456e-16 7.790688634363117917e-16
7.713309527172544416e-16 5.133014682513248431e-16 7.722595226908769627e-16
7.645126055160451907e-16 5.116670968044764462e-16 7.654453351972628493e-16
7.576896205490202319e-16 5.099938012803224682e-16 7.586264922800251542e-16
7.508621931400061429e-16 5.082819651818393304e-16 7.518031885603775861e-16
7.440305219895980085e-16 5.065319682867899578e-16 7.449756220176498435e-16
7.371948092384559435e-16 5.047441866819777953e-16 7.381439940522606056e-16
7.303552605321597142e-16 5.029189927970942658e-16 7.313085095502322537e-16
7.235120850876755944e-16 5.010567554381028705e-16 7.244693769493127978e-16
7.166654957615141450e-16 4.991578398200965274e-16 7.176268083067591441e-16
7.098157091195902566e-16 4.972226075995669129e-16 7.107810193688186819e-16
7.029629455088973749e-16 4.952514169060306843e-16 7.039322296419911319e-16
6.961074291310089255e-16 4.932446223729489814e-16 6.970806624661170023e-16
6.892493881174894720e-16 4.912025751678743380e-16 6.902265450893544788e-16
6.823890546073011991e-16 4.891256230217738246e-16 6.833701087451165361e-16
6.755266648262268235e-16 4.870141102574541724e-16 6.765115887310356182e-16
6.686624591684375151e-16 4.848683778170320791e-16 6.696512244900179133e-16
6.617966822802289048e-16 4.826887632883821516e-16 6.627892596934780404e-16
6.549295831460436048e-16 4.804756009304951350e-16 6.559259423268154804e-16
6.480614151768410839e-16 4.782292216976716857e-16 6.490615247772279102e-16
6.411924363008983185e-16 4.759499532624942962e-16 6.421962639239306604e-16
6.343229090571551121e-16 4.736381200374846826e-16 6.353304212308896814e-16
6.274531006911613731e-16 4.712940431953842152e-16 6.284642628421475937e-16
6.205832832537632205e-16 4.689180406879695329e-16 6.215980596798432051e-16
6.137137337025991088e-16 4.665104272633206101e-16 6.147320875450331610e-16
6.068447340065346591e-16 4.640715144814562751e-16 6.078666272214101926e-16
5.999765712531431817e-16 4.616016107282398562e-16 6.010019645820404347e-16
5.931095377593403617e-16 4.591010212274600933e-16 5.941383906992381423e-16
5.862439311853228906e-16 4.565700480509891024e-16 5.872762019576896259e-16
5.793800546519130050e-16 4.540089901269017266e-16 5.804157001709705712e-16
5.725182168614671977e-16 4.514181432454468190e-16 5.735571927015783254e-16
5.656587322224863626e-16 4.487978000627461121e-16 5.667009925846402760e-16
5.588019209780723269e-16 4.461482501021002766e-16 5.598474186554242421e-16
5.519481093384147717e-16 4.434697797527492257e-16 5.529967956808390240e-16
5.450976296174408739e-16 4.407626722659587737e-16 5.461494544950591171e-16
5.382508203738371105e-16 4.380272077482664585e-16 5.393057321394764263e-16
5.314080265566158878e-16 4.352636631517278674e-16 5.324659720071478962e-16
5.245695996554204638e-16 4.324723122609771498e-16 5.256305239919411036e-16
5.177358978557908196e-16 4.296534256769268821e-16 5.187997446425750280e-16
5.109072861995891737e-16 4.268072707968909923e-16 5.119739973217827973e-16
5.040841367508368861e-16 4.239341117909179954e-16 5.051536523708201489e-16
4.972668287671979284e-16 4.210342095741063147e-16 4.983390872795590270e-16
4.904557488773624435e-16 4.181078217746414624e-16 4.915306868624308784e-16
4.836512912646224679e-16 4.151552026972938671e-16 4.847288434404719851e-16
4.768538578569073406e-16 4.121766032820825632e-16 4.779339570297847996e-16
4.700638585236028223e-16 4.091722710577950127e-16 4.711464355366932584e-16
4.632817112794776552e-16 4.061424500900233583e-16 4.643666949599248737e-16
4.565078424960491782e-16 4.030873809233582746e-16 4.575951596001609833e-16
4.497426871207806557e-16 4.000073005173405122e-16 4.508322622773166538e-16
4.429866889044714199e-16 3.969024421757510060e-16 4.440784445559302716e-16
4.362403006372779887e-16 3.937730354687829425e-16 4.373341569790758389e-16
4.295039843937932800e-16 3.906193061475870713e-16 4.305998593112367788e-16
4.227782117876564976e-16 3.874414760506627093e-16 4.238760207905907034e-16
4.160634642362020119e-16 3.842397630015004737e-16 4.171631203912155374e-16
4.093602332356639885e-16 3.810143806968459534e-16 4.104616470957286230e-16
4.026690206475266847e-16 3.777655385848911539e-16 4.037721001789246660e-16
3.959903389966113686e-16 3.744934417326391720e-16 3.970949895030193045e-16
3.893247117815585119e-16 3.711982906816269592e-16 3.904308358251255445e-16
3.826726737984026570e-16 3.678802812911063810e-16 3.837801711176552366e-16
3.760347714779807004e-16 3.645396045677152436e-16 3.771435389023825401e-16
3.694115632379714253e-16 3.611764464805638109e-16 3.705214945989487175e-16
3.628036198504332913e-16 3.577909877605782220e-16 3.639146058886569768e-16
3.562115248257451575e-16 3.543834036828146201e-16 3.573234530944601136e-16
3.496358748139576580e-16 3.509538638303548093e-16 3.507486295781185488e-16
3.430772800246062896e-16 3.475025318382345105e-16 3.441907421555695161e-16
3.365363646661391312e-16 3.440295651157207875e-16 3.376504115316455782e-16
3.300137674062031804e-16 3.405351145450801365e-16 3.311282727553513997e-16
3.235101418541120274e-16 3.370193241547822060e-16 3.246249756970147954e-16
3.170261570669544095e-16 3.334823307648879370e-16 3.181411855487323480e-16
3.105624980808968630e-16 3.299242636021154668e-16 3.116775833496459507e-16
3.041198664693800227e-16 3.263452438818292440e-16 3.052348665377141316e-16
2.976989809300430673e-16 3.227453843538875788e-16 2.988137495297754301e-16
2.913005779023779450e-16 3.191247888089566265e-16 2.924149643318815987e-16
2.849254122182825999e-16 3.154835515415086108e-16 2.860392611820085169e-16
2.785742577878763291e-16 3.118217567653180475e-16 2.796874092274881264e-16
2.722479083231671036e-16 3.081394779767615571e-16 2.733601972396747008e-16
2.659471781023769757e-16 3.044367772607004852e-16 2.670584343686195753e-16
2.596729027780264403e-16 3.007137045330923432e-16 2.607829509407764653e-16
2.534259402321423382e-16 2.969702967137815001e-16 2.545345993030425503e-16
2.472071714823127270e-16 2.932065768221015621e-16 2.483142547167759683e-16
2.410175016426554919e-16 2.894225529870204980e-16 2.421228163057788396e-16
2.348578609442017922e-16 2.856182173624851459e-16 2.359612080626418488e-16
2.287292058196482396e-16 2.817935449374279398e-16 2.298303799182976858e-16
2.226325200579502847e-16 2.779484922284994536e-16 2.237313088801444478e-16
2.165688160348345672e-16 2.740829958419842892e-16 2.176650002446626537e-16
2.105391360259518161e-16 2.701969708895024343e-16 2.116324888911064295e-16
2.045445536101655399e-16 2.662903092399340241e-16 2.056348406635835238e-16
1.985861751713175755e-16 2.623628775875058375e-16 1.996731538496594581e-16
1.926651415077919736e-16 2.584145153130394013e-16 1.937485607645928377e-16
1.867826295603098064e-16 2.544450321119381990e-16 1.878622294513580898e-16
1.809398542696746587e-16 2.504542053584600119e-16 1.820153655078917434e-16
1.751380705776356566e-16 2.464417771710738872e-16 1.762092140543782838e-16
1.693785755857561059e-16 2.424074511380888334e-16 1.704450618550661411e-16
1.636627108890955057e-16 2.383508886560691048e-16 1.647242396109730654e-16
1.579918651038054314e-16 2.342717048256134687e-16 1.590481244420422644e-16
1.523674766103742029e-16 2.301694638395606593e-16 1.534181425798691101e-16
1.467910365373247868e-16 2.260436737872614012e-16 1.478357722950795739e-16
1.412640920138152665e-16 2.218937807847624300e-16 1.423025470869553141e-16
1.357882497238211807e-16 2.177191623240016992e-16 1.368200591669908755e-16
1.303651797996509906e-16 2.135191197137374913e-16 1.313899632729362766e-16
1.249966200985113001e-16 2.092928694599103707e-16 1.260139808556388178e-16
1.196843809130104337e-16 2.050395334023576370e-16 1.206939046878766632e-16
1.144303501750685271e-16 2.007581273866003073e-16 1.154316039526205420e-16
1.092364992230555563e-16 1.964475482018168245e-16 1.102290298780951013e-16
1.041048892145697154e-16 1.921065584563345058e-16 1.050882219990572988e-16
9.903767828259801732e-17 1.877337689863947254e-16 1.000113151383871761e-16
9.403712955168364933e-17 1.833276182976981916e-16 9.500054722110923701e-17
8.910562015404988628e-17 1.788863484156573543e-16 9.005826805521262553e-17
8.424565141473453906e-17 1.744079763603013693e-16 8.518694924134180965e-17
7.945986041132482246e-17 1.698902602527252611e-16 8.038919540815529644e-17
7.475103316020107458e-17 1.653306587841774935e-16 7.566775701407089174e-17
7.012211974038893926e-17 1.607262824111154963e-16 7.102554501215418300e-17
6.557625174257826550e-17 1.560738341436003884e-16 6.646564774708943408e-17
6.111676253062382568e-17 1.513695371172259453e-16 6.199135054716188744e-17
5.674721093456650428e-17 1.466090452016937172e-16 5.760615859791402913e-17
5.247140917034584402e-17 1.417873315832665116e-16 5.331382384912182038e-17
4.829345602015260381e-17 1.368985483805735597e-16 4.911837692966841823e-17
4.421777663612266280e-17 1.319358476258624502e-16 4.502416535070207891e-17
4.024917079033747023e-17 1.268911499039064047e-16 4.103589970392604603e-17
3.639287205081784146e-17 1.217548408247216075e-16 3.715871016755925228e-17
3.265462132008924793e-17 1.165153660176661053e-16 3.339821651062502926e-17
2.904075960080218191e-17 1.111586802013146720e-16 2.976061608893003095e-17
2.555834704197021122e-17 1.056674809765693808e-16 2.625279631000858449e-17
2.221531878126484303e-17 1.000201154879194927e-16 2.288248115745917563e-17
1.902069377439176754e-17 9.418897245439483754e-17 1.965842642257696939e-17
1.598486251021985575e-17 8.813803060686826433e-17 1.659068684758937762e-17
1.311999697714833529e-17 8.181895382288566425e-17 1.369099357624354196e-17
1.044065967466429146e-17 7.516452413028618554e-17 1.097330890038160819e-17
7.964757570193454374e-18 6.807680313248657109e-17 8.454683140221900207e-18
5.715144736847765705e-18 6.040372539203447269e-17 6.156666826459927435e-18
3.722590037506534261e-18 5.188640683770437304e-17 4.107853005625675403e-18
2.032140185047238161e-18 4.201437675298911319e-17 2.349081186329483644e-18
7.207377762840330121e-19 2.945361068613917283e-17 9.465191358112780722e-19
nan nan nan
