6.443521457922744833e-02 6.377639043230234339e-01
6.437071486493392558e-02 6.380090157914271032e-01
6.430621515064040283e-02 6.382541675595480024e-01
6.424171543634688009e-02 6.384993596205192912e-01
6.417721572205337122e-02 6.387445919674649142e-01
6.411271600775984847e-02 6.389898645934999344e-01
6.404821629346632572e-02 6.392351774917300888e-01
6.398371657917280297e-02 6.394805306552523438e-01
6.391921686487928023e-02 6.397259240771546729e-01
6.385471715058575748e-02 6.399713577505149464e-01
6.379021743629223473e-02 6.402168316684037075e-01
6.372571772199871198e-02 6.404623458238812850e-01
6.366121800770520311e-02 6.407079002099986820e-01
6.359671829341168037e-02 6.409534948197990190e-01
6.353221857911815762e-02 6.411991296463145362e-01
6.346771886482463487e-02 6.414448046825701466e-01
6.340321915053111212e-02 6.416905199215805489e-01
6.333871943623758938e-02 6.419362753563517821e-01
6.327421972194406663e-02 6.421820709798805593e-01
6.320972000765054388e-02 6.424279067851543790e-01
6.314522029335703501e-02 6.426737827651518575e-01
6.308072057906351227e-02 6.429196989128421746e-01
6.301622086476998952e-02 6.431656552211857392e-01
6.295172115047646677e-02 6.434116516831333010e-01
6.288722143618294402e-02 6.436576882916267284e-01
6.282272172188942128e-02 6.439037650395987855e-01
6.275822200759589853e-02 6.441498819199727999e-01
6.269372229330237578e-02 6.443960389256631061e-01
6.262922257900886691e-02 6.446422360495748238e-01
6.256472286471534416e-02 6.448884732846037471e-01
6.250022315042182142e-02 6.451347506236366769e-01
6.243572343612829867e-02 6.453810680595507554e-01
6.237122372183477592e-02 6.456274255852145760e-01
6.230672400754125317e-02 6.458738231934870733e-01
6.224222429324773737e-02 6.461202608772176337e-01
6.217772457895421462e-02 6.463667386292468731e-01
6.211322486466069187e-02 6.466132564424064144e-01
6.204872515036716912e-02 6.468598143095175557e-01
6.198422543607365331e-02 6.471064122233939342e-01
6.191972572178013057e-02 6.473530501768383072e-01
6.185522600748660782e-02 6.475997281626451052e-01
6.179072629319308507e-02 6.478464461735993218e-01
6.172622657889956926e-02 6.480932042024761808e-01
6.166172686460604652e-02 6.483400022420421349e-01
6.159722715031252377e-02 6.485868402850542003e-01
6.153272743601900796e-02 6.488337183242605111e-01
6.146822772172548521e-02 6.490806363523987654e-01
6.140372800743196247e-02 6.493275943621982238e-01
6.133922829313843972e-02 6.495745923463789318e-01
6.127472857884492391e-02 6.498216302976506098e-01
6.121022886455140116e-02 6.500687082087146518e-01
6.114572915025787841e-02 6.503158260722627926e-01
6.108122943596435567e-02 6.505629838809771082e-01
6.101672972167083986e-02 6.508101816275306817e-01
6.095223000737731711e-02 6.510574193045872704e-01
6.088773029308379436e-02 6.513046969048005286e-01
6.082323057879027162e-02 6.515520144208157838e-01
6.075873086449675581e-02 6.517993718452680385e-01
6.069423115020323306e-02 6.520467691707836355e-01
6.062973143590971031e-02 6.522942063899789256e-01
6.056523172161618757e-02 6.525416834954612666e-01
6.050073200732267176e-02 6.527892004798280245e-01
6.043623229302914901e-02 6.530367573356679056e-01
6.037173257873562626e-02 6.532843540555601791e-01
6.030723286444210351e-02 6.535319906320732342e-01
6.024273315014858771e-02 6.537796670577677993e-01
6.017823343585506496e-02 6.540273833251946112e-01
6.011373372156154221e-02 6.542751394268940812e-01
6.004923400726801946e-02 6.545229353553984053e-01
5.998473429297450366e-02 6.547707711032295652e-01
5.992023457868098091e-02 6.550186466629001059e-01
5.985573486438745816e-02 6.552665620269132463e-01
5.979123515009393541e-02 6.555145171877626575e-01
5.972673543580041960e-02 6.557625121379325739e-01
5.966223572150689686e-02 6.560105468698974596e-01
5.959773600721337411e-02 6.562586213761225640e-01
5.953323629291985830e-02 6.565067356490635886e-01
5.946873657862633555e-02 6.567548896811663539e-01
5.940423686433281281e-02 6.570030834648679097e-01
5.933973715003929006e-02 6.572513169925947585e-01
5.927523743574576731e-02 6.574995902567644102e-01
5.921073772145225150e-02 6.577479032497851597e-01
5.914623800715872876e-02 6.579962559640547548e-01
5.908173829286520601e-02 6.582446483919623947e-01
5.901723857857169020e-02 6.584930805258868425e-01
5.895273886427816745e-02 6.587415523581979793e-01
5.888823914998464470e-02 6.589900638812556943e-01
5.882373943569112196e-02 6.592386150874103290e-01
5.875923972139759921e-02 6.594872059690026767e-01
5.869474000710408340e-02 6.597358365183637607e-01
5.863024029281056065e-02 6.599845067278153898e-01
5.856574057851703791e-02 6.602332165896696026e-01
5.850124086422352210e-02 6.604819660962280015e-01
5.843674114992999935e-02 6.607307552397836403e-01
5.837224143563647660e-02 6.609795840126196920e-01
5.830774172134295386e-02 6.612284524070093372e-01
5.824324200704943111e-02 6.614773604152156539e-01
5.817874229275591530e-02 6.617263080294936151e-01
5.811424257846239255e-02 6.619752952420865366e-01
5.804974286416886980e-02 6.622243220452298518e-01
5.798524314987535400e-02 6.624733884311481136e-01
5.792074343558183125e-02 6.627224943920564382e-01
5.785624372128830850e-02 6.629716399201606158e-01
5.779174400699478575e-02 6.632208250076558897e-01
5.772724429270126995e-02 6.634700496467293984e-01
5.766274457840774720e-02 6.637193138295565120e-01
5.759824486411422445e-02 6.639686175483040520e-01
5.753374514982070170e-02 6.642179607951292919e-01
5.746924543552718589e-02 6.644673435621789581e-01
5.740474572123366315e-02 6.647167658415905622e-01
5.734024600694014040e-02 6.649662276254918458e-01
5.727574629264661765e-02 6.652157289060003365e-01
5.721124657835310184e-02 6.654652696752242358e-01
5.714674686405957910e-02 6.657148499252618645e-01
5.708224714976605635e-02 6.659644696482017734e-01
5.701774743547253360e-02 6.662141288361225211e-01
5.695324772117901779e-02 6.664638274810927854e-01
5.688874800688549505e-02 6.667135655751720291e-01
5.682424829259197230e-02 6.669633431104092791e-01
5.675974857829844955e-02 6.672131600788437922e-01
5.669524886400493374e-02 6.674630164725053882e-01
5.663074914971141099e-02 6.677129122834137842e-01
5.656624943541788825e-02 6.679628475035787050e-01
5.650174972112437244e-02 6.682128221250003275e-01
5.643725000683084969e-02 6.684628361396687257e-01
5.637275029253732694e-02 6.687128895395643147e-01
5.630825057824380420e-02 6.689629823166569622e-01
5.624375086395028145e-02 6.692131144629079875e-01
5.617925114965676564e-02 6.694632859702676075e-01
5.611475143536324289e-02 6.697134968306764913e-01
5.605025172106972015e-02 6.699637470360657598e-01
5.598575200677620434e-02 6.702140365783558762e-01
5.592125229248268159e-02 6.704643654494581995e-01
5.585675257818915884e-02 6.707147336412737637e-01
5.579225286389563609e-02 6.709651411456935000e-01
5.572775314960211335e-02 6.712155879545989023e-01
5.566325343530859754e-02 6.714660740598604738e-01
5.559875372101507479e-02 6.717165994533403905e-01
5.553425400672155204e-02 6.719671641268893936e-01
5.546975429242803624e-02 6.722177680723490090e-01
5.540525457813451349e-02 6.724684112815506598e-01
5.534075486384099074e-02 6.727190937463154441e-01
5.527625514954746799e-02 6.729698154584549119e-01
5.521175543525394525e-02 6.732205764097703993e-01
5.514725572096042944e-02 6.734713765920531392e-01
5.508275600666690669e-02 6.737222159970845947e-01
5.501825629237338394e-02 6.739730946166362369e-01
5.495375657807986813e-02 6.742240124424689895e-01
5.488925686378634539e-02 6.744749694663345618e-01
5.482475714949282264e-02 6.747259656799734495e-01
5.476025743519929989e-02 6.749770010751174887e-01
5.469575772090578408e-02 6.752280756434874132e-01
5.463125800661226134e-02 6.754791893767942978e-01
5.456675829231873859e-02 6.757303422667393367e-01
5.450225857802522278e-02 6.759815343050127323e-01
5.443775886373170003e-02 6.762327654832961388e-01
5.437325914943817728e-02 6.764840357932593307e-01
5.430875943514465454e-02 6.767353452265634228e-01
5.424425972085113179e-02 6.769866937748587610e-01
5.417976000655761598e-02 6.772380814297855878e-01
5.411526029226409323e-02 6.774895081829742649e-01
5.405076057797057049e-02 6.777409740260447180e-01
5.398626086367705468e-02 6.779924789506068805e-01
5.392176114938353193e-02 6.782440229482608052e-01
5.385726143509000918e-02 6.784956060105954423e-01
5.379276172079648644e-02 6.787472281291910825e-01
5.372826200650296369e-02 6.789988892956165811e-01
5.366376229220944788e-02 6.792505895014308015e-01
5.359926257791592513e-02 6.795023287381830590e-01
5.353476286362240238e-02 6.797541069974118999e-01
5.347026314932888658e-02 6.800059242706458784e-01
5.340576343503536383e-02 6.802577805494033347e-01
5.334126372074184108e-02 6.805096758251922839e-01
5.327676400644831833e-02 6.807616100895106381e-01
5.321226429215479559e-02 6.810135833338463174e-01
5.314776457786127978e-02 6.812655955496761395e-01
5.308326486356775703e-02 6.815176467284677075e-01
5.301876514927423428e-02 6.817697368616777442e-01
5.295426543498071847e-02 6.820218659407528694e-01
5.288976572068719573e-02 6.822740339571295998e-01
5.282526600639367298e-02 6.825262409022337939e-01
5.276076629210015023e-02 6.827784867674815406e-01
5.269626657780662748e-02 6.830307715442781591e-01
5.263176686351311168e-02 6.832830952240188660e-01
5.256726714921958893e-02 6.835354577980884416e-01
5.250276743492606618e-02 6.837878592578616743e-01
5.243826772063255037e-02 6.840402995947030274e-01
5.237376800633902763e-02 6.842927787999661948e-01
5.230926829204550488e-02 6.845452968649945458e-01
5.224476857775198213e-02 6.847978537811215682e-01
5.218026886345845938e-02 6.850504495396704252e-01
5.211576914916494357e-02 6.853030841319532884e-01
5.205126943487142083e-02 6.855557575492725597e-01
5.198676972057790502e-02 6.858084697829198717e-01
5.192227000628438227e-02 6.860612208241767540e-01
5.185777029199085952e-02 6.863140106643139671e-01
5.179327057769733678e-02 6.865668392945926124e-01
5.172877086340381403e-02 6.868197067062626893e-01
5.166427114911029822e-02 6.870726128905638719e-01
5.159977143481677547e-02 6.873255578387257314e-01
5.153527172052325273e-02 6.875785415419670699e-01
5.147077200622973692e-02 6.878315639914965862e-01
5.140627229193621417e-02 6.880846251785122103e-01
5.134177257764269142e-02 6.883377250942017689e-01
5.127727286334916867e-02 6.885908637297420976e-01
5.121277314905564593e-02 6.888440410763000399e-01
5.114827343476213012e-02 6.890972571250321144e-01
5.108377372046860737e-02 6.893505118670835152e-01
5.101927400617508462e-02 6.896038052935901108e-01
5.095477429188156882e-02 6.898571373956762232e-01
5.089027457758804607e-02 6.901105081644560713e-01
5.082577486329452332e-02 6.903639175910336601e-01
5.076127514900100057e-02 6.906173656665020033e-01
5.069677543470747783e-02 6.908708523819440117e-01
5.063227572041396202e-02 6.911243777284316048e-01
5.056777600612043927e-02 6.913779416970264879e-01
5.050327629182691652e-02 6.916315442787795975e-01
5.043877657753340071e-02 6.918851854647314337e-01
5.037427686323987797e-02 6.921388652459121715e-01
5.030977714894635522e-02 6.923925836133407730e-01
5.024527743465283247e-02 6.926463405580264299e-01
5.018077772035930972e-02 6.929001360709668988e-01
5.011627800606579392e-02 6.931539701431501665e-01
5.005177829177227117e-02 6.934078427655527843e-01
4.998727857747874842e-02 6.936617539291414225e-01
4.992277886318523261e-02 6.939157036248716492e-01
4.985827914889170986e-02 6.941696918436885966e-01
4.979377943459818712e-02 6.944237185765268494e-01
4.972927972030466437e-02 6.946777838143098904e-01
4.966478000601114162e-02 6.949318875479513213e-01
4.960028029171762581e-02 6.951860297683533085e-01
4.953578057742410307e-02 6.954402104664078044e-01
4.947128086313058032e-02 6.956944296329959920e-01
4.940678114883706451e-02 6.959486872589882855e-01
4.934228143454354176e-02 6.962029833352443298e-01
4.927778172025001902e-02 6.964573178526134445e-01
4.921328200595649627e-02 6.967116908019340693e-01
4.914878229166298046e-02 6.969661021740335416e-01
4.908428257736945771e-02 6.972205519597293177e-01
4.901978286307593496e-02 6.974750401498265306e-01
4.895528314878241916e-02 6.977295667351219866e-01
4.889078343448889641e-02 6.979841317063990580e-01
4.882628372019537366e-02 6.982387350544327909e-01
4.876178400590185091e-02 6.984933767699859075e-01
4.869728429160832817e-02 6.987480568438105832e-01
4.863278457731480542e-02 6.990027752666490013e-01
4.856828486302128961e-02 6.992575320292314656e-01
4.850378514872776686e-02 6.995123271222785100e-01
4.843928543443425105e-02 6.997671605364992331e-01
4.837478572014072831e-02 7.000220322625917424e-01
4.831028600584720556e-02 7.002769422912440422e-01
4.824578629155368281e-02 7.005318906131324797e-01
4.818128657726016006e-02 7.007868772189237427e-01
4.811678686296663732e-02 7.010419020992723071e-01
4.805228714867312151e-02 7.012969652448225455e-01
4.798778743437959876e-02 7.015520666462079502e-01
4.792328772008608295e-02 7.018072062940508005e-01
4.785878800579256021e-02 7.020623841789631614e-01
4.779428829149903746e-02 7.023176002915459959e-01
4.772978857720551471e-02 7.025728546223881654e-01
4.766528886291199196e-02 7.028281471620695386e-01
4.760078914861847615e-02 7.030834779011581048e-01
4.753628943432495341e-02 7.033388468302103069e-01
4.747178972003143760e-02 7.035942539397733730e-01
4.740729000573791485e-02 7.038496992203818747e-01
4.734279029144439210e-02 7.041051826625607246e-01
4.727829057715086936e-02 7.043607042568228449e-01
4.721379086285734661e-02 7.046162639936706107e-01
4.714929114856382386e-02 7.048718618635960720e-01
4.708479143427030805e-02 7.051274978570792884e-01
4.702029171997678531e-02 7.053831719645899945e-01
4.695579200568326950e-02 7.056388841765867115e-01
4.689129229138974675e-02 7.058946344835169695e-01
4.682679257709622400e-02 7.061504228758174184e-01
4.676229286280270125e-02 7.064062493439132728e-01
4.669779314850917851e-02 7.066621138782193112e-01
4.663329343421565576e-02 7.069180164691390988e-01
4.656879371992213995e-02 7.071739571070647656e-01
4.650429400562861720e-02 7.074299357823780054e-01
4.643979429133510139e-02 7.076859524854489658e-01
4.637529457704157865e-02 7.079420072066370251e-01
4.631079486274805590e-02 7.081980999362901263e-01
4.624629514845453315e-02 7.084542306647457766e-01
4.618179543416101041e-02 7.087103993823300474e-01
4.611729571986748766e-02 7.089666060793576863e-01
4.605279600557397185e-02 7.092228507461325604e-01
4.598829629128044910e-02 7.094791333729476568e-01
4.592379657698693329e-02 7.097354539500840831e-01
4.585929686269341055e-02 7.099918124678127329e-01
4.579479714839988780e-02 7.102482089163928425e-01
4.573029743410636505e-02 7.105046432860727679e-01
4.566579771981284230e-02 7.107611155670893188e-01
4.560129800551931956e-02 7.110176257496684249e-01
4.553679829122580375e-02 7.112741738240250244e-01
4.547229857693228100e-02 7.115307597803626205e-01
4.540779886263876519e-02 7.117873836088733919e-01
4.534329914834524244e-02 7.120440452997387482e-01
4.527879943405171970e-02 7.123007448431283306e-01
4.521429971975819695e-02 7.125574822292014554e-01
4.514980000546467420e-02 7.128142574481051152e-01
4.508530029117115839e-02 7.130710704899758667e-01
4.502080057687763565e-02 7.133279213449388312e-01
4.495630086258411984e-02 7.135848100031075836e-01
4.489180114829059709e-02 7.138417364545851518e-01
4.482730143399707434e-02 7.140987006894624622e-01
4.476280171970355160e-02 7.143557026978197833e-01
4.469830200541002885e-02 7.146127424697259478e-01
4.463380229111650610e-02 7.148698199952383536e-01
4.456930257682299029e-02 7.151269352644030741e-01
4.450480286252946754e-02 7.153840882672555246e-01
4.444030314823595174e-02 7.156412789938183527e-01
4.437580343394242899e-02 7.158985074341045474e-01
4.431130371964890624e-02 7.161557735781152179e-01
4.424680400535538349e-02 7.164130774158393722e-01
4.418230429106186075e-02 7.166704189372556932e-01
4.411780457676833800e-02 7.169277981323310955e-01
4.405330486247482219e-02 7.171852149910207253e-01
4.398880514818129944e-02 7.174426695032689594e-01
4.392430543388778363e-02 7.177001616590089617e-01
4.385980571959426089e-02 7.179576914481620165e-01
4.379530600530073814e-02 7.182152588606377508e-01
4.373080629100721539e-02 7.184728638863352446e-01
4.366630657671369264e-02 7.187305065151414762e-01
4.360180686242016990e-02 7.189881867369321000e-01
4.353730714812665409e-02 7.192459045415720009e-01
4.347280743383313134e-02 7.195036599189136295e-01
4.340830771953961553e-02 7.197614528587985561e-01
4.334380800524609278e-02 7.200192833510571377e-01
4.327930829095257004e-02 7.202771513855074081e-01
4.321480857665904729e-02 7.205350569519569648e-01
4.315030886236552454e-02 7.207930000402010817e-01
4.308580914807200180e-02 7.210509806400240418e-01
4.302130943377848599e-02 7.213089987411983595e-01
4.295680971948496324e-02 7.215670543334854470e-01
4.289231000519144743e-02 7.218251474066347262e-01
4.282781029089792468e-02 7.220832779503842946e-01
4.276331057660440194e-02 7.223414459544608146e-01
4.269881086231087919e-02 7.225996514085788469e-01
4.263431114801735644e-02 7.228578943024428494e-01
4.256981143372383369e-02 7.231161746257438461e-01
4.250531171943031788e-02 7.233744923681626471e-01
4.244081200513679514e-02 7.236328475193676280e-01
4.237631229084327933e-02 7.238912400690165061e-01
4.231181257654975658e-02 7.241496700067544534e-01
4.224731286225623383e-02 7.244081373222159836e-01
4.218281314796271109e-02 7.246666420050231761e-01
4.211831343366918834e-02 7.249251840447865636e-01
4.205381371937567253e-02 7.251837634311057990e-01
4.198931400508214978e-02 7.254423801535683225e-01
4.192481429078863397e-02 7.257010342017496951e-01
4.186031457649511123e-02 7.259597255652148196e-01
4.179581486220158848e-02 7.262184542335154980e-01
4.173131514790806573e-02 7.264772201961928744e-01
4.166681543361454299e-02 7.267360234427767685e-01
4.160231571932102024e-02 7.269948639627838993e-01
4.153781600502750443e-02 7.272537417457205500e-01
4.147331629073398168e-02 7.275126567810810130e-01
4.140881657644046587e-02 7.277716090583473685e-01
4.134431686214694313e-02 7.280305985669904834e-01
4.127981714785342038e-02 7.282896252964696782e-01
4.121531743355989763e-02 7.285486892362317279e-01
4.115081771926637488e-02 7.288077903757125275e-01
4.108631800497285214e-02 7.290669287043352043e-01
4.102181829067933633e-02 7.293261042115125603e-01
4.095731857638581358e-02 7.295853168866442973e-01
4.089281886209229777e-02 7.298445667191191255e-01
4.082831914779877502e-02 7.301038536983134319e-01
4.076381943350525228e-02 7.303631778135919461e-01
4.069931971921172953e-02 7.306225390543084064e-01
4.063482000491820678e-02 7.308819374098033395e-01
4.057032029062468403e-02 7.311413728694063918e-01
4.050582057633116823e-02 7.314008454224353306e-01
4.044132086203764548e-02 7.316603550581955995e-01
4.037682114774412967e-02 7.319199017659809847e-01
4.031232143345060692e-02 7.321794855350738374e-01
4.024782171915708417e-02 7.324391063547440739e-01
4.018332200486356143e-02 7.326987642142501755e-01
4.011882229057003868e-02 7.329584591028379670e-01
4.005432257627651593e-02 7.332181910097426147e-01
3.998982286198300012e-02 7.334779599241861847e-01
3.992532314768947738e-02 7.337377658353798626e-01
3.986082343339596157e-02 7.339976087325218446e-01
3.979632371910243882e-02 7.342574886047993354e-01
3.973182400480891607e-02 7.345174054413868836e-01
3.966732429051539333e-02 7.347773592314476021e-01
3.960282457622187058e-02 7.350373499641322805e-01
3.953832486192835477e-02 7.352973776285801621e-01
3.947382514763483202e-02 7.355574422139180557e-01
3.940932543334131621e-02 7.358175437092614457e-01
3.934482571904779347e-02 7.360776821037124940e-01
3.928032600475427072e-02 7.363378573863631482e-01
3.921582629046074797e-02 7.365980695462920336e-01
3.915132657616722522e-02 7.368583185725661178e-01
3.908682686187370248e-02 7.371186044542403781e-01
3.902232714758018667e-02 7.373789271803578016e-01
3.895782743328666392e-02 7.376392867399492737e-01
3.889332771899314811e-02 7.378996831220334673e-01
3.882882800469962536e-02 7.381601163156173984e-01
3.876432829040610262e-02 7.384205863096958700e-01
3.869982857611257987e-02 7.386810930932511399e-01
3.863532886181905712e-02 7.389416366552539195e-01
3.857082914752553437e-02 7.392022169846625967e-01
3.850632943323201857e-02 7.394628340704233471e-01
3.844182971893849582e-02 7.397234879014705777e-01
3.837733000464498001e-02 7.399841784667262612e-01
3.831283029035145726e-02 7.402449057551001577e-01
3.824833057605793452e-02 7.405056697554905920e-01
3.818383086176441177e-02 7.407664704567824554e-01
3.811933114747088902e-02 7.410273078478495368e-01
3.805483143317736627e-02 7.412881819175533016e-01
3.799033171888385046e-02 7.415490926547424477e-01
3.792583200459032772e-02 7.418100400482539047e-01
3.786133229029681191e-02 7.420710240869128338e-01
3.779683257600328916e-02 7.423320447595311844e-01
3.773233286170976641e-02 7.425931020549098038e-01
3.766783314741624367e-02 7.428541959618363277e-01
3.760333343312272092e-02 7.431153264690866234e-01
3.753883371882919817e-02 7.433764935654243455e-01
3.747433400453568236e-02 7.436376972396006035e-01
3.740983429024215962e-02 7.438989374803547383e-01
3.734533457594864381e-02 7.441602142764131012e-01
3.728083486165512106e-02 7.444215276164904971e-01
3.721633514736159831e-02 7.446828774892892966e-01
3.715183543306807556e-02 7.449442638834987696e-01
3.708733571877455282e-02 7.452056867877969726e-01
3.702283600448103007e-02 7.454671461908489727e-01
3.695833629018751426e-02 7.457286420813080685e-01
3.689383657589399845e-02 7.459901744478142360e-01
3.682933686160047571e-02 7.462517432789962379e-01
3.676483714730695296e-02 7.465133485634694033e-01
3.670033743301343021e-02 7.467749902898378478e-01
3.663583771871990746e-02 7.470366684466922536e-01
3.657133800442638472e-02 7.472983830226118673e-01
3.650683829013286891e-02 7.475601340061623912e-01
3.644233857583934616e-02 7.478219213858983139e-01
3.637783886154583035e-02 7.480837451503610236e-01
3.631333914725230760e-02 7.483456052880795850e-01
3.624883943295878486e-02 7.486075017875708504e-01
3.618433971866526211e-02 7.488694346373387933e-01
3.611984000437173936e-02 7.491314038258755081e-01
3.605534029007821661e-02 7.493934093416600994e-01
3.599084057578470081e-02 7.496554511731596815e-01
3.592634086149117806e-02 7.499175293088284899e-01
3.586184114719766225e-02 7.501796437371084370e-01
3.579734143290413950e-02 7.504417944464290002e-01
3.573284171861061675e-02 7.507039814252071119e-01
3.566834200431709401e-02 7.509662046618467146e-01
3.560384229002357126e-02 7.512284641447404265e-01
3.553934257573004851e-02 7.514907598622670992e-01
3.547484286143653270e-02 7.517530918027937048e-01
3.541034314714300996e-02 7.520154599546744478e-01
3.534584343284949415e-02 7.522778643062508763e-01
3.528134371855597140e-02 7.525403048458523259e-01
3.521684400426244865e-02 7.528027815617949203e-01
3.515234428996892591e-02 7.530652944423827932e-01
3.508784457567540316e-02 7.533278434759078657e-01
3.502334486138188041e-02 7.535904286506477368e-01
3.495884514708836460e-02 7.538530499548693475e-01
3.489434543279484185e-02 7.541157073768258723e-01
3.482984571850132605e-02 7.543784009047581618e-01
3.476534600420780330e-02 7.546411305268947434e-01
3.470084628991428055e-02 7.549038962314505996e-01
3.463634657562075780e-02 7.551666980066289447e-01
3.457184686132723506e-02 7.554295358406197813e-01
3.450734714703371231e-02 7.556924097216006775e-01
3.444284743274019650e-02 7.559553196377366557e-01
3.437834771844667375e-02 7.562182655771793049e-01
3.431384800415315794e-02 7.564812475280687787e-01
3.424934828985963520e-02 7.567442654785311307e-01
3.418484857556611245e-02 7.570073194166807573e-01
3.412034886127258970e-02 7.572704093306181772e-01
3.405584914697906695e-02 7.575335352084324736e-01
3.399134943268555115e-02 7.577966970381992962e-01
3.392684971839202840e-02 7.580598948079809718e-01
3.386235000409851259e-02 7.583231285058282811e-01
3.379785028980498984e-02 7.585863981197783490e-01
3.373335057551146710e-02 7.588497036378556437e-01
3.366885086121794435e-02 7.591130450480718661e-01
3.360435114692442160e-02 7.593764223384260603e-01
3.353985143263089885e-02 7.596398354969042810e-01
3.347535171833738304e-02 7.599032845114795931e-01
3.341085200404386030e-02 7.601667693701127382e-01
3.334635228975034449e-02 7.604302900607506910e-01
3.328185257545682174e-02 7.606938465713289910e-01
3.321735286116329899e-02 7.609574388897686337e-01
3.315285314686977625e-02 7.612210670039789573e-01
3.308835343257625350e-02 7.614847309018559773e-01
3.302385371828273769e-02 7.617484305712823867e-01
3.295935400398921494e-02 7.620121660001287767e-01
3.289485428969569220e-02 7.622759371762520830e-01
3.283035457540216945e-02 7.625397440874971400e-01
3.276585486110865364e-02 7.628035867216950150e-01
3.270135514681513089e-02 7.630674650666641190e-01
3.263685543252160814e-02 7.633313791102102064e-01
3.257235571822808540e-02 7.635953288401252648e-01
3.250785600393456959e-02 7.638593142441890693e-01
3.244335628964104684e-02 7.641233353101682946e-01
3.237885657534752409e-02 7.643873920258161814e-01
3.231435686105400135e-02 7.646514843788732030e-01
3.224985714676048554e-02 7.649156123570671761e-01
3.218535743246696279e-02 7.651797759481122618e-01
3.212085771817344004e-02 7.654439751397099645e-01
3.205635800387991730e-02 7.657082099195486879e-01
3.199185828958640149e-02 7.659724802753036244e-01
3.192735857529287874e-02 7.662367861946369763e-01
3.186285886099935599e-02 7.665011276651978456e-01
3.179835914670583324e-02 7.667655046746225667e-01
3.173385943241231744e-02 7.670299172105334851e-01
3.166935971811879469e-02 7.672943652605412890e-01
3.160486000382527194e-02 7.675588488122420117e-01
3.154036028953174919e-02 7.678233678532193629e-01
3.147586057523823339e-02 7.680879223710439518e-01
3.141136086094471064e-02 7.683525123532727319e-01
3.134686114665118789e-02 7.686171377874502220e-01
3.128236143235767208e-02 7.688817986611070632e-01
3.121786171806414933e-02 7.691464949617610181e-01
3.115336200377062659e-02 7.694112266769170816e-01
3.108886228947710384e-02 7.696759937940662599e-01
3.102436257518358803e-02 7.699407963006869027e-01
3.095986286089006528e-02 7.702056341842437037e-01
3.089536314659654254e-02 7.704705074321887004e-01
3.083086343230301979e-02 7.707354160319603853e-01
3.076636371800950398e-02 7.710003599709834843e-01
3.070186400371598123e-02 7.712653392366706218e-01
3.063736428942245849e-02 7.715303538164201003e-01
3.057286457512893574e-02 7.717954036976175658e-01
3.050836486083541993e-02 7.720604888676350086e-01
3.044386514654189718e-02 7.723256093138312073e-01
3.037936543224837443e-02 7.725907650235516178e-01
3.031486571795485169e-02 7.728559559841288173e-01
3.025036600366133588e-02 7.731211821828810615e-01
3.018586628936781313e-02 7.733864436071147264e-01
3.012136657507429038e-02 7.736517402441211999e-01
3.005686686078076764e-02 7.739170720811796578e-01
2.999236714648725183e-02 7.741824391055556198e-01
2.992786743219372908e-02 7.744478413045007281e-01
2.986336771790020633e-02 7.747132786652543013e-01
2.979886800360668359e-02 7.749787511750411140e-01
2.973436828931316778e-02 7.752442588210730623e-01
2.966986857501964503e-02 7.755098015905491637e-01
2.960536886072612228e-02 7.757753794706535588e-01
2.954086914643259953e-02 7.760409924485581756e-01
2.947636943213908373e-02 7.763066405114215085e-01
2.941186971784556098e-02 7.765723236463878409e-01
2.934737000355203823e-02 7.768380418405880228e-01
2.928287028925851548e-02 7.771037950811404693e-01
2.921837057496499968e-02 7.773695833551491630e-01
2.915387086067147693e-02 7.776354066497045414e-01
2.908937114637795418e-02 7.779012649518838307e-01
2.902487143208443143e-02 7.781671582487512673e-01
2.896037171779091562e-02 7.784330865273562106e-01
2.889587200349739288e-02 7.786990497747358075e-01
2.883137228920387013e-02 7.789650479779127723e-01
2.876687257491034738e-02 7.792310811238967183e-01
2.870237286061683157e-02 7.794971491996832702e-01
2.863787314632330883e-02 7.797632521922557292e-01
2.857337343202978608e-02 7.800293900885814091e-01
2.850887371773627027e-02 7.802955628756167439e-01
2.844437400344274752e-02 7.805617705403021800e-01
2.837987428914922478e-02 7.808280130695660626e-01
2.831537457485570203e-02 7.810942904503230810e-01
2.825087486056218622e-02 7.813606026694730478e-01
2.818637514626866347e-02 7.816269497139032296e-01
2.812187543197514072e-02 7.818933315704867937e-01
2.805737571768161798e-02 7.821597482260835843e-01
2.799287600338810217e-02 7.824261996675396791e-01
2.792837628909457942e-02 7.826926858816866117e-01
2.786387657480105667e-02 7.829592068553433704e-01
2.779937686050753393e-02 7.832257625753146213e-01
2.773487714621401812e-02 7.834923530283912640e-01
2.767037743192049537e-02 7.837589782013513195e-01
2.760587771762697262e-02 7.840256380809573766e-01
2.754137800333344988e-02 7.842923326539598117e-01
2.747687828903993407e-02 7.845590619070946792e-01
2.741237857474641132e-02 7.848258258270838228e-01
2.734787886045288857e-02 7.850926244006364296e-01
2.728337914615936582e-02 7.853594576144465877e-01
2.721887943186585002e-02 7.856263254551952846e-01
2.715437971757232727e-02 7.858932279095495188e-01
2.708988000327880452e-02 7.861601649641625222e-01
2.702538028898528177e-02 7.864271366056737600e-01
2.696088057469176597e-02 7.866941428207085973e-01
2.689638086039824322e-02 7.869611835958788548e-01
2.683188114610472047e-02 7.872282589177820311e-01
2.676738143181119772e-02 7.874953687730020802e-01
2.670288171751768191e-02 7.877625131481093002e-01
2.663838200322415917e-02 7.880296920296592234e-01
2.657388228893063642e-02 7.882969054041940593e-01
2.650938257463711367e-02 7.885641532582428059e-01
2.644488286034359786e-02 7.888314355783189180e-01
2.638038314605007512e-02 7.890987523509230828e-01
2.631588343175655237e-02 7.893661035625416655e-01
2.625138371746302962e-02 7.896334891996468208e-01
2.618688400316951381e-02 7.899009092486973804e-01
2.612238428887599107e-02 7.901683636961375212e-01
2.605788457458246832e-02 7.904358525283979864e-01
2.599338486028894557e-02 7.907033757318946421e-01
2.592888514599542976e-02 7.909709332930303649e-01
2.586438543170190701e-02 7.912385251981933765e-01
2.579988571740838427e-02 7.915061514337580206e-01
2.573538600311486846e-02 7.917738119860846524e-01
2.567088628882134571e-02 7.920415068415195270e-01
2.560638657452782296e-02 7.923092359863941336e-01
2.554188686023430022e-02 7.925769994070274160e-01
2.547738714594078441e-02 7.928447970897226638e-01
2.541288743164726166e-02 7.931126290207701768e-01
2.534838771735373891e-02 7.933804951864453781e-01
2.528388800306021617e-02 7.936483955730101458e-01
2.521938828876670036e-02 7.939163301667113704e-01
2.515488857447317761e-02 7.941842989537829522e-01
2.509038886017965486e-02 7.944523019204438041e-01
2.502588914588613211e-02 7.947203390528986278e-01
2.496138943159261631e-02 7.949884103373388022e-01
2.489688971729909356e-02 7.952565157599400525e-01
2.483239000300557081e-02 7.955246553068655579e-01
2.476789028871204806e-02 7.957928289642628439e-01
2.470339057441853226e-02 7.960610367182666680e-01
2.463889086012500951e-02 7.963292785549958008e-01
2.457439114583148676e-02 7.965975544605562453e-01
2.450989143153796401e-02 7.968658644210393494e-01
2.444539171724444820e-02 7.971342084225212510e-01
2.438089200295092546e-02 7.974025864510653205e-01
2.431639228865740271e-02 7.976709984927197183e-01
2.425189257436387996e-02 7.979394445335183939e-01
2.418739286007036415e-02 7.982079245594813077e-01
2.412289314577684141e-02 7.984764385566134326e-01
2.405839343148331866e-02 7.987449865109064184e-01
2.399389371718979591e-02 7.990135684083365941e-01
2.392939400289628010e-02 7.992821842348660777e-01
2.386489428860275736e-02 7.995508339764436645e-01
2.380039457430923461e-02 7.998195176190022737e-01
2.373589486001571186e-02 8.000882351484616128e-01
2.367139514572219605e-02 8.003569865507259573e-01
2.360689543142867330e-02 8.006257718116862598e-01
2.354239571713515056e-02 8.008945909172184852e-01
2.347789600284162781e-02 8.011634438531838320e-01
2.341339628854811200e-02 8.014323306054296214e-01
2.334889657425458925e-02 8.017012511597885194e-01
2.328439685996106651e-02 8.019702055020789810e-01
2.321989714566754376e-02 8.022391936181042515e-01
2.315539743137402795e-02 8.025082154936536982e-01
2.309089771708050520e-02 8.027772711145024775e-01
2.302639800278698246e-02 8.030463604664102029e-01
2.296189828849346665e-02 8.033154835351229428e-01
2.289739857419994390e-02 8.035846403063718890e-01
2.283289885990642115e-02 8.038538307658733562e-01
2.276839914561289840e-02 8.041230548993297811e-01
2.270389943131938260e-02 8.043923126924286127e-01
2.263939971702585985e-02 8.046616041308423117e-01
2.257490000273233710e-02 8.049309292002297944e-01
2.251040028843881435e-02 8.052002878862346558e-01
2.244590057414529854e-02 8.054696801744858359e-01
2.238140085985177580e-02 8.057391060505979530e-01
2.231690114555825305e-02 8.060085655001707483e-01
2.225240143126473030e-02 8.062780585087898633e-01
2.218790171697121449e-02 8.065475850620251741e-01
2.212340200267769175e-02 8.068171451454333454e-01
2.205890228838416900e-02 8.070867387445551655e-01
2.199440257409064625e-02 8.073563658449171010e-01
2.192990285979713044e-02 8.076260264320315185e-01
2.186540314550360770e-02 8.078957204913949086e-01
2.180090343121008495e-02 8.081654480084902170e-01
2.173640371691656220e-02 8.084352089687847354e-01
2.167190400262304639e-02 8.087050033577314334e-01
2.160740428832952365e-02 8.089748311607687370e-01
2.154290457403600090e-02 8.092446923633199729e-01
2.147840485974247815e-02 8.095145869507934799e-01
2.141390514544896234e-02 8.097845149085836081e-01
2.134940543115543959e-02 8.100544762220687200e-01
2.128490571686191685e-02 8.103244708766135229e-01
2.122040600256839410e-02 8.105944988575675136e-01
2.115590628827487829e-02 8.108645601502649791e-01
2.109140657398135554e-02 8.111346547400258844e-01
2.102690685968783280e-02 8.114047826121548734e-01
2.096240714539431005e-02 8.116749437519419352e-01
2.089790743110079424e-02 8.119451381446620708e-01
2.083340771680727149e-02 8.122153657755758482e-01
2.076890800251374875e-02 8.124856266299284036e-01
2.070440828822022600e-02 8.127559206929503288e-01
2.063990857392671019e-02 8.130262479498565620e-01
2.057540885963318744e-02 8.132966083858482742e-01
2.051090914533966469e-02 8.135670019861105384e-01
2.044640943104614195e-02 8.138374287358145498e-01
2.038190971675262614e-02 8.141078886201157383e-01
2.031741000245910339e-02 8.143783816241545459e-01
2.025291028816558064e-02 8.146489077330566486e-01
2.018841057387206483e-02 8.149194669319329565e-01
2.012391085957854209e-02 8.151900592058792805e-01
2.005941114528501934e-02 8.154606845399761106e-01
1.999491143099149659e-02 8.157313429192886156e-01
1.993041171669798078e-02 8.160020343288677536e-01
1.986591200240445804e-02 8.162727587537490503e-01
1.980141228811093529e-02 8.165435161789527108e-01
1.973691257381741254e-02 8.168143065894840626e-01
1.967241285952389673e-02 8.170851299703333348e-01
1.960791314523037399e-02 8.173559863064757680e-01
1.954341343093685124e-02 8.176268755828712820e-01
1.947891371664332849e-02 8.178977977844646974e-01
1.941441400234981268e-02 8.181687528961858469e-01
1.934991428805628993e-02 8.184397409029487980e-01
1.928541457376276719e-02 8.187107617896536294e-01
1.922091485946924444e-02 8.189818155411840994e-01
1.915641514517572863e-02 8.192529021424093116e-01
1.909191543088220588e-02 8.195240215781830484e-01
1.902741571658868314e-02 8.197951738333438820e-01
1.896291600229516039e-02 8.200663588927153969e-01
1.889841628800164458e-02 8.203375767411057451e-01
1.883391657370812183e-02 8.206088273633073138e-01
1.876941685941459909e-02 8.208801107440983902e-01
1.870491714512107634e-02 8.211514268682407192e-01
1.864041743082756053e-02 8.214227757204818348e-01
1.857591771653403778e-02 8.216941572855533948e-01
1.851141800224051503e-02 8.219655715481717362e-01
1.844691828794699229e-02 8.222370184930378745e-01
1.838241857365347648e-02 8.225084981048380595e-01
1.831791885935995373e-02 8.227800103682424426e-01
1.825341914506643098e-02 8.230515552679061875e-01
1.818891943077290824e-02 8.233231327884691364e-01
1.812441971647939243e-02 8.235947429145554777e-01
1.805992000218586968e-02 8.238663856307746336e-01
1.799542028789234693e-02 8.241380609217195952e-01
1.793092057359882419e-02 8.244097687719689205e-01
1.786642085930530838e-02 8.246815091660850694e-01
1.780192114501178563e-02 8.249532820886156248e-01
1.773742143071826288e-02 8.252250875240926264e-01
1.767292171642474014e-02 8.254969254570319048e-01
1.760842200213122433e-02 8.257687958719347465e-01
1.754392228783770158e-02 8.260406987532863399e-01
1.747942257354417883e-02 8.263126340855569962e-01
1.741492285925066302e-02 8.265846018532008177e-01
1.735042314495714028e-02 8.268566020406566963e-01
1.728592343066361753e-02 8.271286346323486471e-01
1.722142371637009478e-02 8.274006996126835878e-01
1.715692400207657897e-02 8.276727969660544471e-01
1.709242428778305622e-02 8.279449266768377225e-01
1.702792457348953348e-02 8.282170887293944794e-01
1.696342485919601073e-02 8.284892831080703512e-01
1.689892514490249492e-02 8.287615097971952061e-01
1.683442543060897217e-02 8.290337687810834799e-01
1.676992571631544943e-02 8.293060600440338437e-01
1.670542600202192668e-02 8.295783835703292031e-01
1.664092628772841087e-02 8.298507393442371427e-01
1.657642657343488812e-02 8.301231273500091490e-01
1.651192685914136538e-02 8.303955475718813872e-01
1.644742714484784263e-02 8.306679999940747017e-01
1.638292743055432682e-02 8.309404846007931722e-01
1.631842771626080407e-02 8.312130013762258907e-01
1.625392800196728132e-02 8.314855503045464058e-01
1.618942828767375858e-02 8.317581313699117240e-01
1.612492857338024277e-02 8.320307445564639748e-01
1.606042885908672002e-02 8.323033898483287452e-01
1.599592914479319727e-02 8.325760672296166343e-01
1.593142943049967453e-02 8.328487766844222540e-01
1.586692971620615872e-02 8.331215181968235628e-01
1.580243000191263597e-02 8.333942917508839754e-01
1.573793028761911322e-02 8.336670973306503640e-01
1.567343057332559048e-02 8.339399349201537248e-01
1.560893085903207467e-02 8.342128045034096218e-01
1.554443114473855192e-02 8.344857060644171876e-01
1.547993143044502917e-02 8.347586395871603449e-01
1.541543171615150642e-02 8.350316050556069181e-01
1.535093200185799062e-02 8.353046024537083003e-01
1.528643228756446787e-02 8.355776317654005636e-01
1.522193257327094512e-02 8.358506929746041259e-01
1.515743285897742237e-02 8.361237860652223075e-01
1.509293314468390657e-02 8.363969110211436631e-01
1.502843343039038382e-02 8.366700678262404267e-01
1.496393371609686107e-02 8.369432564643687344e-01
1.489943400180333832e-02 8.372164769193687350e-01
1.483493428750982251e-02 8.374897291750645900e-01
1.477043457321629977e-02 8.377630132152646958e-01
1.470593485892277702e-02 8.380363290237610174e-01
1.464143514462926121e-02 8.383096765843300879e-01
1.457693543033573846e-02 8.385830558807316759e-01
1.451243571604221572e-02 8.388564668967101179e-01
1.444793600174869297e-02 8.391299096159932080e-01
1.438343628745517716e-02 8.394033840222928644e-01
1.431893657316165441e-02 8.396768900993052398e-01
1.425443685886813167e-02 8.399504278307098337e-01
1.418993714457460892e-02 8.402239972001702695e-01
1.412543743028109311e-02 8.404975981913341831e-01
1.406093771598757036e-02 8.407712307878327795e-01
1.399643800169404761e-02 8.410448949732812762e-01
1.393193828740052487e-02 8.413185907312785705e-01
1.386743857310700906e-02 8.415923180454079056e-01
1.380293885881348631e-02 8.418660768992356491e-01
1.373843914451996356e-02 8.421398672763121818e-01
1.367393943022644082e-02 8.424136891601717858e-01
1.360943971593292501e-02 8.426875425343324233e-01
1.354494000163940226e-02 8.429614273822962911e-01
1.348044028734587951e-02 8.432353436875487107e-01
1.341594057305235677e-02 8.435092914335585723e-01
1.335144085875884096e-02 8.437832706037788899e-01
1.328694114446531821e-02 8.440572811816470233e-01
1.322244143017179546e-02 8.443313231505825689e-01
1.315794171587827271e-02 8.446053964939900238e-01
1.309344200158475691e-02 8.448795011952567879e-01
1.302894228729123416e-02 8.451536372377544959e-01
1.296444257299771141e-02 8.454278046048381290e-01
1.289994285870418866e-02 8.457020032798462372e-01
1.283544314441067286e-02 8.459762332461014944e-01
1.277094343011715011e-02 8.462504944869091439e-01
1.270644371582362736e-02 8.465247869855595519e-01
1.264194400153010461e-02 8.467991107253249883e-01
1.257744428723658880e-02 8.470734656894620684e-01
1.251294457294306606e-02 8.473478518612116428e-01
1.244844485864954331e-02 8.476222692237971312e-01
1.238394514435602056e-02 8.478967177604255223e-01
1.231944543006250475e-02 8.481711974542880395e-01
1.225494571576898201e-02 8.484457082885588086e-01
1.219044600147545926e-02 8.487202502463956355e-01
1.212594628718194345e-02 8.489948233109398945e-01
1.206144657288842070e-02 8.492694274653158626e-01
1.199694685859489796e-02 8.495440626926321626e-01
1.193244714430137521e-02 8.498187289759804308e-01
1.186794743000785940e-02 8.500934262984355394e-01
1.180344771571433665e-02 8.503681546430560401e-01
1.173894800142081390e-02 8.506429139928837202e-01
1.167444828712729116e-02 8.509177043309442690e-01
1.160994857283377535e-02 8.511925256402457229e-01
1.154544885854025260e-02 8.514673779037809087e-01
1.148094914424672985e-02 8.517422611045243341e-01
1.141644942995320711e-02 8.520171752254349640e-01
1.135194971565969130e-02 8.522921202494551096e-01
1.128745000136616855e-02 8.525670961595098740e-01
1.122295028707264580e-02 8.528421029385080399e-01
1.115845057277912306e-02 8.531171405693412924e-01
1.109395085848560725e-02 8.533922090348851075e-01
1.102945114419208450e-02 8.536673083179979749e-01
1.096495142989856175e-02 8.539424384015213976e-01
1.090045171560503900e-02 8.542175992682803365e-01
1.083595200131152320e-02 8.544927909010830991e-01
1.077145228701800045e-02 8.547680132827213395e-01
1.070695257272447770e-02 8.550432663959693924e-01
1.064245285843095495e-02 8.553185502235846061e-01
1.057795314413743915e-02 8.555938647483083415e-01
1.051345342984391640e-02 8.558692099528646402e-01
1.044895371555039365e-02 8.561445858199610015e-01
1.038445400125687090e-02 8.564199923322876051e-01
1.031995428696335509e-02 8.566954294725174224e-01
1.025545457266983235e-02 8.569708972233078814e-01
1.019095485837630960e-02 8.572463955672982028e-01
1.012645514408278685e-02 8.575219244871108426e-01
1.006195542978927104e-02 8.577974839653524919e-01
9.997455715495748296e-03 8.580730739846113009e-01
9.932956001202225549e-03 8.583486945274595437e-01
9.868456286908702801e-03 8.586243455764522858e-01
9.803956572615186993e-03 8.589000271141269405e-01
9.739456858321664245e-03 8.591757391230048224e-01
9.674957144028141498e-03 8.594514815855901491e-01
9.610457429734618751e-03 8.597272544843692632e-01
9.545957715441102942e-03 8.600030578018125205e-01
9.481458001147580195e-03 8.602788915203724018e-01
9.416958286854057447e-03 8.605547556224849570e-01
9.352458572560541639e-03 8.608306500905689163e-01
9.287958858267018891e-03 8.611065749070250241e-01
9.223459143973496144e-03 8.613825300542393704e-01
9.158959429679973396e-03 8.616585155145782826e-01
9.094459715386457588e-03 8.619345312703915463e-01
9.029960001092934840e-03 8.622105773040130705e-01
8.965460286799412093e-03 8.624866535977585569e-01
8.900960572505889346e-03 8.627627601339266095e-01
8.836460858212373537e-03 8.630388968947991790e-01
8.771961143918850790e-03 8.633150638626397866e-01
8.707461429625328042e-03 8.635912610196967432e-01
8.642961715331805295e-03 8.638674883481993749e-01
8.578462001038289486e-03 8.641437458303602437e-01
8.513962286744766739e-03 8.644200334483750359e-01
8.449462572451243991e-03 8.646963511844215633e-01
8.384962858157721244e-03 8.649726990206613175e-01
8.320463143864205435e-03 8.652490769392372494e-01
8.255963429570682688e-03 8.655254849222761004e-01
8.191463715277159940e-03 8.658019229518869597e-01
8.126964000983637193e-03 8.660783910101609306e-01
8.062464286690121384e-03 8.663548890791726853e-01
7.997964572396598637e-03 8.666314171409787992e-01
7.933464858103075890e-03 8.669079751776194165e-01
7.868965143809553142e-03 8.671845631711164737e-01
7.804465429516037334e-03 8.674611811034743658e-01
7.739965715222514586e-03 8.677378289566808345e-01
7.675466000928991839e-03 8.680145067127056357e-01
7.610966286635469091e-03 8.682912143535013172e-01
7.546466572341953283e-03 8.685679518610028849e-01
7.481966858048430535e-03 8.688447192171279143e-01
7.417467143754907788e-03 8.691215164037767726e-01
7.352967429461385040e-03 8.693983434028312862e-01
7.288467715167869232e-03 8.696752001961571832e-01
7.223968000874346485e-03 8.699520867656018730e-01
7.159468286580823737e-03 8.702290030929951126e-01
7.094968572287300990e-03 8.705059491601497834e-01
7.030468857993785181e-03 8.707829249488603374e-01
6.965969143700262434e-03 8.710599304409041288e-01
6.901469429406739686e-03 8.713369656180413036e-01
6.836969715113216939e-03 8.716140304620138002e-01
6.772470000819701130e-03 8.718911249545459041e-01
6.707970286526178383e-03 8.721682490773445817e-01
6.643470572232655635e-03 8.724454028120989246e-01
6.578970857939139827e-03 8.727225861404808160e-01
6.514471143645617079e-03 8.729997990441439315e-01
6.449971429352094332e-03 8.732770415047242940e-01
6.385471715058571585e-03 8.735543135038408291e-01
6.320972000765055776e-03 8.738316150230938106e-01
6.256472286471533029e-03 8.741089460440668590e-01
6.191972572178010281e-03 8.743863065483247210e-01
6.127472857884487534e-03 8.746636965174153788e-01
6.062973143590971725e-03 8.749411159328681631e-01
5.998473429297448978e-03 8.752185647761953069e-01
5.933973715003926230e-03 8.754960430288912798e-01
5.869474000710403483e-03 8.757735506724317887e-01
5.804974286416887674e-03 8.760510876882758868e-01
5.740474572123364927e-03 8.763286540578641981e-01
5.675974857829842180e-03 8.766062497626193606e-01
5.611475143536319432e-03 8.768838747839468040e-01
5.546975429242803624e-03 8.771615291032331951e-01
5.482475714949280876e-03 8.774392127018479925e-01
5.417976000655758129e-03 8.777169255611422249e-01
5.353476286362235381e-03 8.779946676624494906e-01
5.288976572068719573e-03 8.782724389870850690e-01
5.224476857775196825e-03 8.785502395163466982e-01
5.159977143481674078e-03 8.788280692315133535e-01
5.095477429188151330e-03 8.791059281138472459e-01
5.030977714894635522e-03 8.793838161445917123e-01
4.966478000601112774e-03 8.796617333049716603e-01
4.901978286307590027e-03 8.799396795761953438e-01
4.837478572014067280e-03 8.802176549394521432e-01
4.772978857720551471e-03 8.804956593759128980e-01
4.708479143427028724e-03 8.807736928667316834e-01
4.643979429133505976e-03 8.810517553930433676e-01
4.579479714839983229e-03 8.813298469359648335e-01
4.514980000546467420e-03 8.816079674765957552e-01
4.450480286252944673e-03 8.818861169960168223e-01
4.385980571959421925e-03 8.821642954752911825e-01
4.321480857665899178e-03 8.824425028954626660e-01
4.256981143372383369e-03 8.827207392375584494e-01
4.192481429078860622e-03 8.829990044825867246e-01
4.127981714785337874e-03 8.832772986115372538e-01
4.063482000491815127e-03 8.835556216053824796e-01
3.998982286198299319e-03 8.838339734450756380e-01
3.934482571904776571e-03 8.841123541115527562e-01
3.869982857611253824e-03 8.843907635857304328e-01
3.805483143317738015e-03 8.846692018485079467e-01
3.740983429024215268e-03 8.849476688807659253e-01
3.676483714730692520e-03 8.852261646633665659e-01
3.611984000437169773e-03 8.855046891771541917e-01
3.547484286143653964e-03 8.857832424029542517e-01
3.482984571850131217e-03 8.860618243215742096e-01
3.418484857556608469e-03 8.863404349138035432e-01
3.353985143263085722e-03 8.866190741604121905e-01
3.289485428969569913e-03 8.868977420421532143e-01
3.224985714676047166e-03 8.871764385397601371e-01
3.160486000382524419e-03 8.874551636339483851e-01
3.095986286089001671e-03 8.877339173054153987e-01
3.031486571795485863e-03 8.880126995348393004e-01
2.966986857501963115e-03 8.882915103028807824e-01
2.902487143208440368e-03 8.885703495901814408e-01
2.837987428914917620e-03 8.888492173773642202e-01
2.773487714621401812e-03 8.891281136450344125e-01
2.708988000327879064e-03 8.894070383737778807e-01
2.644488286034356317e-03 8.896859915441623912e-01
2.579988571740833569e-03 8.899649731367372807e-01
2.515488857447317761e-03 8.902439831320327901e-01
2.450989143153795013e-03 8.905230215105616187e-01
2.386489428860272266e-03 8.908020882528163709e-01
2.321989714566749519e-03 8.910811833392729975e-01
2.257490000273233710e-03 8.913603067503870214e-01
2.192990285979710963e-03 8.916394584665960910e-01
2.128490571686188215e-03 8.919186384683195357e-01
2.063990857392665468e-03 8.921978467359574783e-01
1.999491143099149659e-03 8.924770832498916118e-01
1.934991428805626912e-03 8.927563479904851995e-01
1.870491714512104164e-03 8.930356409380819649e-01
1.805992000218581417e-03 8.933149620730082008e-01
1.741492285925058670e-03 8.935943113755701050e-01
1.676992571631535922e-03 8.938736888260562230e-01
1.612492857338027052e-03 8.941530944047357821e-01
1.547993143044504305e-03 8.944325280918592469e-01
1.483493428750981558e-03 8.947119898676585414e-01
1.418993714457458810e-03 8.949914797123464938e-01
1.354494000163936063e-03 8.952709976061175023e-01
1.289994285870413315e-03 8.955505435291467586e-01
1.225494571576890568e-03 8.958301174615905804e-01
1.160994857283367820e-03 8.961097193835867447e-01
1.096495142989858951e-03 8.963893492752540437e-01
1.031995428696336203e-03 8.966690071166922849e-01
9.674957144028134559e-04 8.969486928879827348e-01
9.029960001092907085e-04 8.972284065691868982e-01
8.384962858157679610e-04 8.975081481403479611e-01
7.739965715222452136e-04 8.977879175814904578e-01
7.094968572287224662e-04 8.980677148726189385e-01
6.449971429352135965e-04 8.983475399937203010e-01
5.804974286416908491e-04 8.986273929247611258e-01
5.159977143481681017e-04 8.989072736456900081e-01
4.514980000546453542e-04 8.991871821364357809e-01
3.869982857611226068e-04 8.994671183769089584e-01
3.224985714675998594e-04 8.997470823470005152e-01
2.579988571740771119e-04 9.000270740265819969e-01
1.934991428805543645e-04 9.003070933955065192e-01
1.289994285870454949e-04 9.005871404336082131e-01
6.449971429352274743e-05 9.008672151207014478e-01
0.000000000000000000e+00 9.011473174365819405e-01
