6.443521457922744833e-02 6.602739917122597557e-01
6.437071486493392558e-02 6.604763029531145468e-01
6.430621515064040283e-02 6.606786811453504438e-01
6.424171543634688009e-02 6.608811263162012173e-01
6.417721572205337122e-02 6.610836384929139609e-01
6.411271600775984847e-02 6.612862177027508670e-01
6.404821629346632572e-02 6.614888639729880060e-01
6.398371657917280297e-02 6.616915773309152149e-01
6.391921686487928023e-02 6.618943578038368747e-01
6.385471715058575748e-02 6.620972054190710221e-01
6.379021743629223473e-02 6.623001202039507929e-01
6.372571772199871198e-02 6.625031021858227565e-01
6.366121800770520311e-02 6.627061513920479152e-01
6.359671829341168037e-02 6.629092678500017044e-01
6.353221857911815762e-02 6.631124515870731040e-01
6.346771886482463487e-02 6.633157026306661930e-01
6.340321915053111212e-02 6.635190210081985951e-01
6.333871943623758938e-02 6.637224067471028111e-01
6.327421972194406663e-02 6.639258598748249973e-01
6.320972000765054388e-02 6.641293804188257432e-01
6.314522029335703501e-02 6.643329684065802931e-01
6.308072057906351227e-02 6.645366238655776581e-01
6.301622086476998952e-02 6.647403468233215040e-01
6.295172115047646677e-02 6.649441373073295969e-01
6.288722143618294402e-02 6.651479953451339133e-01
6.282272172188942128e-02 6.653519209642811960e-01
6.275822200759589853e-02 6.655559141923319544e-01
6.269372229330237578e-02 6.657599750568617969e-01
6.262922257900886691e-02 6.659641035854596547e-01
6.256472286471534416e-02 6.661682998057295579e-01
6.250022315042182142e-02 6.663725637452898587e-01
6.243572343612829867e-02 6.665768954317728978e-01
6.237122372183477592e-02 6.667812948928260042e-01
6.230672400754125317e-02 6.669857621561101624e-01
6.224222429324773737e-02 6.671902972493013451e-01
6.217772457895421462e-02 6.673949002000895137e-01
6.211322486466069187e-02 6.675995710361798396e-01
6.204872515036716912e-02 6.678043097852903731e-01
6.198422543607365331e-02 6.680091164751555954e-01
6.191972572178013057e-02 6.682139911335227556e-01
6.185522600748660782e-02 6.684189337881546455e-01
6.179072629319308507e-02 6.686239444668280463e-01
6.172622657889956926e-02 6.688290231973340605e-01
6.166172686460604652e-02 6.690341700074786679e-01
6.159722715031252377e-02 6.692393849250821702e-01
6.153272743601900796e-02 6.694446679779797460e-01
6.146822772172548521e-02 6.696500191940201185e-01
6.140372800743196247e-02 6.698554386010673323e-01
6.133922829313843972e-02 6.700609262270003086e-01
6.127472857884492391e-02 6.702664820997112916e-01
6.121022886455140116e-02 6.704721062471080684e-01
6.114572915025787841e-02 6.706777986971128591e-01
6.108122943596435567e-02 6.708835594776620947e-01
6.101672972167083986e-02 6.710893886167069722e-01
6.095223000737731711e-02 6.712952861422137874e-01
6.088773029308379436e-02 6.715012520821622699e-01
6.082323057879027162e-02 6.717072864645476926e-01
6.075873086449675581e-02 6.719133893173798722e-01
6.069423115020323306e-02 6.721195606686829471e-01
6.062973143590971031e-02 6.723258005464960441e-01
6.056523172161618757e-02 6.725321089788722784e-01
6.050073200732267176e-02 6.727384859938800865e-01
6.043623229302914901e-02 6.729449316196022268e-01
6.037173257873562626e-02 6.731514458841367787e-01
6.030723286444210351e-02 6.733580288155952553e-01
6.024273315014858771e-02 6.735646804421050460e-01
6.017823343585506496e-02 6.737714007918079728e-01
6.011373372156154221e-02 6.739781898928598469e-01
6.004923400726801946e-02 6.741850477734322444e-01
5.998473429297450366e-02 6.743919744617107304e-01
5.992023457868098091e-02 6.745989699858958577e-01
5.985573486438745816e-02 6.748060343742030565e-01
5.979123515009393541e-02 6.750131676548623005e-01
5.972673543580041960e-02 6.752203698561186629e-01
5.966223572150689686e-02 6.754276410062314273e-01
5.959773600721337411e-02 6.756349811334751987e-01
5.953323629291985830e-02 6.758423902661393479e-01
5.946873657862633555e-02 6.760498684325275676e-01
5.940423686433281281e-02 6.762574156609590936e-01
5.933973715003929006e-02 6.764650319797674838e-01
5.927523743574576731e-02 6.766727174173009507e-01
5.921073772145225150e-02 6.768804720019233612e-01
5.914623800715872876e-02 6.770882957620126819e-01
5.908173829286520601e-02 6.772961887259620894e-01
5.901723857857169020e-02 6.775041509221793046e-01
5.895273886427816745e-02 6.777121823790874799e-01
5.888823914998464470e-02 6.779202831251243122e-01
5.882373943569112196e-02 6.781284531887424860e-01
5.875923972139759921e-02 6.783366925984095630e-01
5.869474000710408340e-02 6.785450013826077598e-01
5.863024029281056065e-02 6.787533795698351691e-01
5.856574057851703791e-02 6.789618271886037615e-01
5.850124086422352210e-02 6.791703442674408286e-01
5.843674114992999935e-02 6.793789308348886502e-01
5.837224143563647660e-02 6.795875869195050489e-01
5.830774172134295386e-02 6.797963125498616144e-01
5.824324200704943111e-02 6.800051077545458122e-01
5.817874229275591530e-02 6.802139725621604294e-01
5.811424257846239255e-02 6.804229070013217973e-01
5.804974286416886980e-02 6.806319111006631228e-01
5.798524314987535400e-02 6.808409848888313798e-01
5.792074343558183125e-02 6.810501283944886408e-01
5.785624372128830850e-02 6.812593416463129659e-01
5.779174400699478575e-02 6.814686246729961816e-01
5.772724429270126995e-02 6.816779775032466571e-01
5.766274457840774720e-02 6.818874001657865280e-01
5.759824486411422445e-02 6.820968926893531403e-01
5.753374514982070170e-02 6.823064551027001601e-01
5.746924543552718589e-02 6.825160874345950202e-01
5.740474572123366315e-02 6.827257897138210296e-01
5.734024600694014040e-02 6.829355619691765966e-01
5.727574629264661765e-02 6.831454042294745621e-01
5.721124657835310184e-02 6.833553165235438653e-01
5.714674686405957910e-02 6.835652988802276564e-01
5.708224714976605635e-02 6.837753513283855167e-01
5.701774743547253360e-02 6.839854738968909054e-01
5.695324772117901779e-02 6.841956666146330468e-01
5.688874800688549505e-02 6.844059295105167084e-01
5.682424829259197230e-02 6.846162626134610907e-01
5.675974857829844955e-02 6.848266659524011590e-01
5.669524886400493374e-02 6.850371395562872001e-01
5.663074914971141099e-02 6.852476834540843775e-01
5.656624943541788825e-02 6.854582976747731760e-01
5.650174972112437244e-02 6.856689822473495122e-01
5.643725000683084969e-02 6.858797372008244020e-01
5.637275029253732694e-02 6.860905625642244043e-01
5.630825057824380420e-02 6.863014583665905111e-01
5.624375086395028145e-02 6.865124246369809224e-01
5.617925114965676564e-02 6.867234614044668284e-01
5.611475143536324289e-02 6.869345686981359611e-01
5.605025172106972015e-02 6.871457465470918180e-01
5.598575200677620434e-02 6.873569949804519963e-01
5.592125229248268159e-02 6.875683140273505245e-01
5.585675257818915884e-02 6.877797037169361971e-01
5.579225286389563609e-02 6.879911640783734628e-01
5.572775314960211335e-02 6.882026951408419801e-01
5.566325343530859754e-02 6.884142969335367290e-01
5.559875372101507479e-02 6.886259694856684543e-01
5.553425400672155204e-02 6.888377128264630000e-01
5.546975429242803624e-02 6.890495269851616422e-01
5.540525457813451349e-02 6.892614119910212001e-01
5.534075486384099074e-02 6.894733678733139248e-01
5.527625514954746799e-02 6.896853946613273889e-01
5.521175543525394525e-02 6.898974923843645968e-01
5.514725572096042944e-02 6.901096610717443181e-01
5.508275600666690669e-02 6.903219007528007545e-01
5.501825629237338394e-02 6.905342114568833178e-01
5.495375657807986813e-02 6.907465932133569630e-01
5.488925686378634539e-02 6.909590460516024102e-01
5.482475714949282264e-02 6.911715700010157004e-01
5.476025743519929989e-02 6.913841650910086400e-01
5.469575772090578408e-02 6.915968313510081344e-01
5.463125800661226134e-02 6.918095688104568541e-01
5.456675829231873859e-02 6.920223774988136789e-01
5.450225857802522278e-02 6.922352574455516994e-01
5.443775886373170003e-02 6.924482086801611036e-01
5.437325914943817728e-02 6.926612312321462905e-01
5.430875943514465454e-02 6.928743251310279794e-01
5.424425972085113179e-02 6.930874904063427655e-01
5.417976000655761598e-02 6.933007270876423433e-01
5.411526029226409323e-02 6.935140352044942835e-01
5.405076057797057049e-02 6.937274147864816998e-01
5.398626086367705468e-02 6.939408658632031379e-01
5.392176114938353193e-02 6.941543884642736861e-01
5.385726143509000918e-02 6.943679826193227544e-01
5.379276172079648644e-02 6.945816483579967393e-01
5.372826200650296369e-02 6.947953857099572472e-01
5.366376229220944788e-02 6.950091947048807617e-01
5.359926257791592513e-02 6.952230753724607526e-01
5.353476286362240238e-02 6.954370277424060109e-01
5.347026314932888658e-02 6.956510518444407598e-01
5.340576343503536383e-02 6.958651477083053205e-01
5.334126372074184108e-02 6.960793153637551134e-01
5.327676400644831833e-02 6.962935548405625452e-01
5.321226429215479559e-02 6.965078661685147887e-01
5.314776457786127978e-02 6.967222493774146708e-01
5.308326486356775703e-02 6.969367044970816716e-01
5.301876514927423428e-02 6.971512315573507035e-01
5.295426543498071847e-02 6.973658305880722219e-01
5.288976572068719573e-02 6.975805016191130026e-01
5.282526600639367298e-02 6.977952446803550313e-01
5.276076629210015023e-02 6.980100598016967250e-01
5.269626657780662748e-02 6.982249470130522662e-01
5.263176686351311168e-02 6.984399063443512690e-01
5.256726714921958893e-02 6.986549378255395570e-01
5.250276743492606618e-02 6.988700414865791632e-01
5.243826772063255037e-02 6.990852173574475525e-01
5.237376800633902763e-02 6.993004654681383991e-01
5.230926829204550488e-02 6.995157858486606983e-01
5.224476857775198213e-02 6.997311785290400987e-01
5.218026886345845938e-02 6.999466435393179031e-01
5.211576914916494357e-02 7.001621809095514015e-01
5.205126943487142083e-02 7.003777906698142042e-01
5.198676972057790502e-02 7.005934728501950204e-01
5.192227000628438227e-02 7.008092274807992128e-01
5.185777029199085952e-02 7.010250545917477982e-01
5.179327057769733678e-02 7.012409542131784468e-01
5.172877086340381403e-02 7.014569263752440387e-01
5.166427114911029822e-02 7.016729711081139964e-01
5.159977143481677547e-02 7.018890884419736187e-01
5.153527172052325273e-02 7.021052784070241914e-01
5.147077200622973692e-02 7.023215410334829878e-01
5.140627229193621417e-02 7.025378763515837122e-01
5.134177257764269142e-02 7.027542843915760562e-01
5.127727286334916867e-02 7.029707651837252547e-01
5.121277314905564593e-02 7.031873187583134177e-01
5.114827343476213012e-02 7.034039451456383096e-01
5.108377372046860737e-02 7.036206443760139040e-01
5.101927400617508462e-02 7.038374164797703836e-01
5.095477429188156882e-02 7.040542614872540295e-01
5.089027457758804607e-02 7.042711794288271099e-01
5.082577486329452332e-02 7.044881703348686575e-01
5.076127514900100057e-02 7.047052342357729149e-01
5.069677543470747783e-02 7.049223711619512223e-01
5.063227572041396202e-02 7.051395811438306849e-01
5.056777600612043927e-02 7.053568642118547283e-01
5.050327629182691652e-02 7.055742203964826542e-01
5.043877657753340071e-02 7.057916497281904178e-01
5.037427686323987797e-02 7.060091522374704054e-01
5.030977714894635522e-02 7.062267279548304355e-01
5.024527743465283247e-02 7.064443769107957571e-01
5.018077772035930972e-02 7.066620991359064963e-01
5.011627800606579392e-02 7.068798946607204314e-01
5.005177829177227117e-02 7.070977635158104402e-01
4.998727857747874842e-02 7.073157057317668306e-01
4.992277886318523261e-02 7.075337213391952318e-01
4.985827914889170986e-02 7.077518103687180373e-01
4.979377943459818712e-02 7.079699728509745160e-01
4.972927972030466437e-02 7.081882088166191469e-01
4.966478000601114162e-02 7.084065182963235063e-01
4.960028029171762581e-02 7.086249013207758241e-01
4.953578057742410307e-02 7.088433579206796509e-01
4.947128086313058032e-02 7.090618881267559681e-01
4.940678114883706451e-02 7.092804919697419663e-01
4.934228143454354176e-02 7.094991694803903792e-01
4.927778172025001902e-02 7.097179206894715930e-01
4.921328200595649627e-02 7.099367456277717592e-01
4.914878229166298046e-02 7.101556443260935714e-01
4.908428257736945771e-02 7.103746168152563767e-01
4.901978286307593496e-02 7.105936631260952874e-01
4.895528314878241916e-02 7.108127832894630682e-01
4.889078343448889641e-02 7.110319773362276941e-01
4.882628372019537366e-02 7.112512452972749033e-01
4.876178400590185091e-02 7.114705872035060885e-01
4.869728429160832817e-02 7.116900030858389625e-01
4.863278457731480542e-02 7.119094929752090017e-01
4.856828486302128961e-02 7.121290569025667816e-01
4.850378514872776686e-02 7.123486948988804190e-01
4.843928543443425105e-02 7.125684069951345734e-01
4.837478572014072831e-02 7.127881932223292250e-01
4.831028600584720556e-02 7.130080536114828949e-01
4.824578629155368281e-02 7.132279881936289812e-01
4.818128657726016006e-02 7.134479969998188675e-01
4.811678686296663732e-02 7.136680800611193698e-01
4.805228714867312151e-02 7.138882374086146232e-01
4.798778743437959876e-02 7.141084690734054163e-01
4.792328772008608295e-02 7.143287750866087471e-01
4.785878800579256021e-02 7.145491554793588218e-01
4.779428829149903746e-02 7.147696102828066111e-01
4.772978857720551471e-02 7.149901395281186289e-01
4.766528886291199196e-02 7.152107432464793746e-01
4.760078914861847615e-02 7.154314214690898899e-01
4.753628943432495341e-02 7.156521742271667597e-01
4.747178972003143760e-02 7.158730015519448875e-01
4.740729000573791485e-02 7.160939034746750531e-01
4.734279029144439210e-02 7.163148800266250227e-01
4.727829057715086936e-02 7.165359312390791047e-01
4.721379086285734661e-02 7.167570571433382609e-01
4.714929114856382386e-02 7.169782577707211058e-01
4.708479143427030805e-02 7.171995331525620188e-01
4.702029171997678531e-02 7.174208833202128099e-01
4.695579200568326950e-02 7.176423083050419427e-01
4.689129229138974675e-02 7.178638081384347558e-01
4.682679257709622400e-02 7.180853828517933524e-01
4.676229286280270125e-02 7.183070324765364889e-01
4.669779314850917851e-02 7.185287570441002414e-01
4.663329343421565576e-02 7.187505565859376722e-01
4.656879371992213995e-02 7.189724311335174978e-01
4.650429400562861720e-02 7.191943807183273085e-01
4.643979429133510139e-02 7.194164053718696827e-01
4.637529457704157865e-02 7.196385051256656284e-01
4.631079486274805590e-02 7.198606800112518078e-01
4.624629514845453315e-02 7.200829300601829797e-01
4.618179543416101041e-02 7.203052553040303341e-01
4.611729571986748766e-02 7.205276557743818255e-01
4.605279600557397185e-02 7.207501315028425060e-01
4.598829629128044910e-02 7.209726825210349688e-01
4.592379657698693329e-02 7.211953088605976836e-01
4.585929686269341055e-02 7.214180105531876608e-01
4.579479714839988780e-02 7.216407876304774538e-01
4.573029743410636505e-02 7.218636401241573797e-01
4.566579771981284230e-02 7.220865680659345198e-01
4.560129800551931956e-02 7.223095714875337192e-01
4.553679829122580375e-02 7.225326504206960321e-01
4.547229857693228100e-02 7.227558048971802762e-01
4.540779886263876519e-02 7.229790349487613677e-01
4.534329914834524244e-02 7.232023406072326521e-01
4.527879943405171970e-02 7.234257219044034626e-01
4.521429971975819695e-02 7.236491788721011176e-01
4.514980000546467420e-02 7.238727115421693670e-01
4.508530029117115839e-02 7.240963199464695021e-01
4.502080057687763565e-02 7.243200041168798009e-01
4.495630086258411984e-02 7.245437640852959715e-01
4.489180114829059709e-02 7.247675998836308198e-01
4.482730143399707434e-02 7.249915115438140267e-01
4.476280171970355160e-02 7.252154990977930371e-01
4.469830200541002885e-02 7.254395625775320600e-01
4.463380229111650610e-02 7.256637020150124018e-01
4.456930257682299029e-02 7.258879174422332436e-01
4.450480286252946754e-02 7.261122088912107531e-01
4.444030314823595174e-02 7.263365763939777509e-01
4.437580343394242899e-02 7.265610199825852655e-01
4.431130371964890624e-02 7.267855396891015340e-01
4.424680400535538349e-02 7.270101355456110026e-01
4.418230429106186075e-02 7.272348075842167692e-01
4.411780457676833800e-02 7.274595558370383630e-01
4.405330486247482219e-02 7.276843803362130769e-01
4.398880514818129944e-02 7.279092811138954122e-01
4.392430543388778363e-02 7.281342582022575227e-01
4.385980571959426089e-02 7.283593116334884376e-01
4.379530600530073814e-02 7.285844414397947277e-01
4.373080629100721539e-02 7.288096476534006163e-01
4.366630657671369264e-02 7.290349303065474240e-01
4.360180686242016990e-02 7.292602894314937911e-01
4.353730714812665409e-02 7.294857250605164545e-01
4.347280743383313134e-02 7.297112372259089152e-01
4.340830771953961553e-02 7.299368259599823272e-01
4.334380800524609278e-02 7.301624912950653856e-01
4.327930829095257004e-02 7.303882332635039942e-01
4.321480857665904729e-02 7.306140518976620424e-01
4.315030886236552454e-02 7.308399472299205168e-01
4.308580914807200180e-02 7.310659192926778349e-01
4.302130943377848599e-02 7.312919681183505105e-01
4.295680971948496324e-02 7.315180937393720439e-01
4.289231000519144743e-02 7.317442961881934771e-01
4.282781029089792468e-02 7.319705754972836154e-01
4.276331057660440194e-02 7.321969316991290277e-01
4.269881086231087919e-02 7.324233648262331586e-01
4.263431114801735644e-02 7.326498749111182152e-01
4.256981143372383369e-02 7.328764619863226137e-01
4.250531171943031788e-02 7.331031260844036446e-01
4.244081200513679514e-02 7.333298672379349181e-01
4.237631229084327933e-02 7.335566854795094738e-01
4.231181257654975658e-02 7.337835808417360051e-01
4.224731286225623383e-02 7.340105533572423013e-01
4.218281314796271109e-02 7.342376030586732494e-01
4.211831343366918834e-02 7.344647299786914996e-01
4.205381371937567253e-02 7.346919341499773548e-01
4.198931400508214978e-02 7.349192156052292146e-01
4.192481429078863397e-02 7.351465743771623540e-01
4.186031457649511123e-02 7.353740104985108106e-01
4.179581486220158848e-02 7.356015240020256085e-01
4.173131514790806573e-02 7.358291149204755355e-01
4.166681543361454299e-02 7.360567832866480309e-01
4.160231571932102024e-02 7.362845291333470765e-01
4.153781600502750443e-02 7.365123524933954169e-01
4.147331629073398168e-02 7.367402533996333380e-01
4.140881657644046587e-02 7.369682318849184455e-01
4.134431686214694313e-02 7.371962879821269965e-01
4.127981714785342038e-02 7.374244217241524568e-01
4.121531743355989763e-02 7.376526331439064998e-01
4.115081771926637488e-02 7.378809222743183405e-01
4.108631800497285214e-02 7.381092891483352902e-01
4.102181829067933633e-02 7.383377337989227573e-01
4.095731857638581358e-02 7.385662562590634694e-01
4.089281886209229777e-02 7.387948565617588059e-01
4.082831914779877502e-02 7.390235347400274657e-01
4.076381943350525228e-02 7.392522908269059112e-01
4.069931971921172953e-02 7.394811248554498118e-01
4.063482000491820678e-02 7.397100368587314900e-01
4.057032029062468403e-02 7.399390268698414763e-01
4.050582057633116823e-02 7.401680949218888417e-01
4.044132086203764548e-02 7.403972410480001987e-01
4.037682114774412967e-02 7.406264652813202565e-01
4.031232143345060692e-02 7.408557676550117099e-01
4.024782171915708417e-02 7.410851482022555725e-01
4.018332200486356143e-02 7.413146069562508433e-01
4.011882229057003868e-02 7.415441439502137300e-01
4.005432257627651593e-02 7.417737592173799799e-01
3.998982286198300012e-02 7.420034527910018829e-01
3.992532314768947738e-02 7.422332247043514908e-01
3.986082343339596157e-02 7.424630749907175087e-01
3.979632371910243882e-02 7.426930036834074045e-01
3.973182400480891607e-02 7.429230108157467427e-01
3.966732429051539333e-02 7.431530964210794066e-01
3.960282457622187058e-02 7.433832605327668208e-01
3.953832486192835477e-02 7.436135031841892840e-01
3.947382514763483202e-02 7.438438244087446360e-01
3.940932543334131621e-02 7.440742242398499240e-01
3.934482571904779347e-02 7.443047027109387370e-01
3.928032600475427072e-02 7.445352598554650925e-01
3.921582629046074797e-02 7.447658957068989949e-01
3.915132657616722522e-02 7.449966102987302108e-01
3.908682686187370248e-02 7.452274036644661592e-01
3.902232714758018667e-02 7.454582758376325780e-01
3.895782743328666392e-02 7.456892268517735234e-01
3.889332771899314811e-02 7.459202567404514816e-01
3.882882800469962536e-02 7.461513655372470355e-01
3.876432829040610262e-02 7.463825532757594194e-01
3.869982857611257987e-02 7.466138199896058536e-01
3.863532886181905712e-02 7.468451657124216547e-01
3.857082914752553437e-02 7.470765904778614575e-01
3.850632943323201857e-02 7.473080943195971049e-01
3.844182971893849582e-02 7.475396772713196469e-01
3.837733000464498001e-02 7.477713393667382302e-01
3.831283029035145726e-02 7.480030806395803200e-01
3.824833057605793452e-02 7.482349011235922553e-01
3.818383086176441177e-02 7.484668008525380278e-01
3.811933114747088902e-02 7.486987798602003918e-01
3.805483143317736627e-02 7.489308381803813086e-01
3.799033171888385046e-02 7.491629758468999478e-01
3.792583200459032772e-02 7.493951928935946860e-01
3.786133229029681191e-02 7.496274893543224405e-01
3.779683257600328916e-02 7.498598652629584471e-01
3.773233286170976641e-02 7.500923206533964827e-01
3.766783314741624367e-02 7.503248555595488645e-01
3.760333343312272092e-02 7.505574700153463397e-01
3.753883371882919817e-02 7.507901640547381961e-01
3.747433400453568236e-02 7.510229377116928173e-01
3.740983429024215962e-02 7.512557910201963507e-01
3.734533457594864381e-02 7.514887240142542613e-01
3.728083486165512106e-02 7.517217367278898887e-01
3.721633514736159831e-02 7.519548291951461128e-01
3.715183543306807556e-02 7.521880014500833544e-01
3.708733571877455282e-02 7.524212535267815749e-01
3.702283600448103007e-02 7.526545854593391649e-01
3.695833629018751426e-02 7.528879972818730559e-01
3.689383657589399845e-02 7.531214890285187202e-01
3.682933686160047571e-02 7.533550607334307259e-01
3.676483714730695296e-02 7.535887124307818485e-01
3.670033743301343021e-02 7.538224441547641819e-01
3.663583771871990746e-02 7.540562559395878051e-01
3.657133800442638472e-02 7.542901478194823373e-01
3.650683829013286891e-02 7.545241198286956052e-01
3.644233857583934616e-02 7.547581720014944207e-01
3.637783886154583035e-02 7.549923043721643579e-01
3.631333914725230760e-02 7.552265169750096430e-01
3.624883943295878486e-02 7.554608098443537090e-01
3.618433971866526211e-02 7.556951830145381965e-01
3.611984000437173936e-02 7.559296365199242862e-01
3.605534029007821661e-02 7.561641703948914772e-01
3.599084057578470081e-02 7.563987846738380316e-01
3.592634086149117806e-02 7.566334793911818624e-01
3.586184114719766225e-02 7.568682545813586460e-01
3.579734143290413950e-02 7.571031102788241540e-01
3.573284171861061675e-02 7.573380465180522547e-01
3.566834200431709401e-02 7.575730633335355790e-01
3.560384229002357126e-02 7.578081607597866309e-01
3.553934257573004851e-02 7.580433388313361220e-01
3.547484286143653270e-02 7.582785975827338598e-01
3.541034314714300996e-02 7.585139370485488586e-01
3.534584343284949415e-02 7.587493572633685623e-01
3.528134371855597140e-02 7.589848582618001771e-01
3.521684400426244865e-02 7.592204400784695606e-01
3.515234428996892591e-02 7.594561027480211113e-01
3.508784457567540316e-02 7.596918463051195447e-01
3.502334486138188041e-02 7.599276707844470069e-01
3.495884514708836460e-02 7.601635762207059610e-01
3.489434543279484185e-02 7.603995626486175219e-01
3.482984571850132605e-02 7.606356301029217892e-01
3.476534600420780330e-02 7.608717786183782916e-01
3.470084628991428055e-02 7.611080082297650984e-01
3.463634657562075780e-02 7.613443189718800408e-01
3.457184686132723506e-02 7.615807108795396019e-01
3.450734714703371231e-02 7.618171839875799156e-01
3.444284743274019650e-02 7.620537383308561008e-01
3.437834771844667375e-02 7.622903739442415949e-01
3.431384800415315794e-02 7.625270908626309296e-01
3.424934828985963520e-02 7.627638891209359562e-01
3.418484857556611245e-02 7.630007687540889538e-01
3.412034886127258970e-02 7.632377297970405206e-01
3.405584914697906695e-02 7.634747722847614604e-01
3.399134943268555115e-02 7.637118962522412291e-01
3.392684971839202840e-02 7.639491017344886004e-01
3.386235000409851259e-02 7.641863887665319988e-01
3.379785028980498984e-02 7.644237573834185007e-01
3.373335057551146710e-02 7.646612076202151664e-01
3.366885086121794435e-02 7.648987395120080413e-01
3.360435114692442160e-02 7.651363530939024882e-01
3.353985143263089885e-02 7.653740484010235212e-01
3.347535171833738304e-02 7.656118254685152502e-01
3.341085200404386030e-02 7.658496843315409919e-01
3.334635228975034449e-02 7.660876250252837139e-01
3.328185257545682174e-02 7.663256475849461458e-01
3.321735286116329899e-02 7.665637520457498910e-01
3.315285314686977625e-02 7.668019384429362040e-01
3.308835343257625350e-02 7.670402068117657679e-01
3.302385371828273769e-02 7.672785571875183619e-01
3.295935400398921494e-02 7.675169896054939711e-01
3.289485428969569220e-02 7.677555041010112324e-01
3.283035457540216945e-02 7.679941007094095440e-01
3.276585486110865364e-02 7.682327794660464004e-01
3.270135514681513089e-02 7.684715404062995026e-01
3.263685543252160814e-02 7.687103835655663131e-01
3.257235571822808540e-02 7.689493089792630576e-01
3.250785600393456959e-02 7.691883166828262786e-01
3.244335628964104684e-02 7.694274067117119476e-01
3.237885657534752409e-02 7.696665791013954649e-01
3.231435686105400135e-02 7.699058338873717711e-01
3.224985714676048554e-02 7.701451711051560123e-01
3.218535743246696279e-02 7.703845907902819867e-01
3.212085771817344004e-02 7.706240929783039206e-01
3.205635800387991730e-02 7.708636777047955801e-01
3.199185828958640149e-02 7.711033450053500493e-01
3.192735857529287874e-02 7.713430949155807292e-01
3.186285886099935599e-02 7.715829274711197838e-01
3.179835914670583324e-02 7.718228427076202491e-01
3.173385943241231744e-02 7.720628406607534799e-01
3.166935971811879469e-02 7.723029213662124803e-01
3.160486000382527194e-02 7.725430848597080180e-01
3.154036028953174919e-02 7.727833311769718438e-01
3.147586057523823339e-02 7.730236603537553597e-01
3.141136086094471064e-02 7.732640724258289522e-01
3.134686114665118789e-02 7.735045674289843243e-01
3.128236143235767208e-02 7.737451453990313865e-01
3.121786171806414933e-02 7.739858063718008108e-01
3.115336200377062659e-02 7.742265503831434748e-01
3.108886228947710384e-02 7.744673774689289081e-01
3.102436257518358803e-02 7.747082876650475125e-01
3.095986286089006528e-02 7.749492810074092297e-01
3.089536314659654254e-02 7.751903575319438744e-01
3.083086343230301979e-02 7.754315172746015783e-01
3.076636371800950398e-02 7.756727602713514580e-01
3.070186400371598123e-02 7.759140865581837243e-01
3.063736428942245849e-02 7.761554961711079059e-01
3.057286457512893574e-02 7.763969891461535155e-01
3.050836486083541993e-02 7.766385655193706050e-01
3.044386514654189718e-02 7.768802253268279889e-01
3.037936543224837443e-02 7.771219686046159092e-01
3.031486571795485169e-02 7.773637953888441476e-01
3.025036600366133588e-02 7.776057057156416930e-01
3.018586628936781313e-02 7.778476996211592942e-01
3.012136657507429038e-02 7.780897771415660191e-01
3.005686686078076764e-02 7.783319383130520297e-01
2.999236714648725183e-02 7.785741831718274719e-01
2.992786743219372908e-02 7.788165117541220317e-01
2.986336771790020633e-02 7.790589240961869333e-01
2.979886800360668359e-02 7.793014202342918306e-01
2.973436828931316778e-02 7.795440002047270278e-01
2.966986857501964503e-02 7.797866640438042563e-01
2.960536886072612228e-02 7.800294117878535660e-01
2.954086914643259953e-02 7.802722434732264345e-01
2.947636943213908373e-02 7.805151591362939900e-01
2.941186971784556098e-02 7.807581588134480111e-01
2.934737000355203823e-02 7.810012425411001491e-01
2.928287028925851548e-02 7.812444103556824837e-01
2.921837057496499968e-02 7.814876622936473005e-01
2.915387086067147693e-02 7.817309983914673133e-01
2.908937114637795418e-02 7.819744186856349977e-01
2.902487143208443143e-02 7.822179232126642567e-01
2.896037171779091562e-02 7.824615120090877562e-01
2.889587200349739288e-02 7.827051851114600334e-01
2.883137228920387013e-02 7.829489425563548322e-01
2.876687257491034738e-02 7.831927843803671019e-01
2.870237286061683157e-02 7.834367106201111097e-01
2.863787314632330883e-02 7.836807213122233273e-01
2.857337343202978608e-02 7.839248164933582119e-01
2.850887371773627027e-02 7.841689962001929803e-01
2.844437400344274752e-02 7.844132604694236122e-01
2.837987428914922478e-02 7.846576093377674033e-01
2.831537457485570203e-02 7.849020428419620776e-01
2.825087486056218622e-02 7.851465610187648991e-01
2.818637514626866347e-02 7.853911639049550031e-01
2.812187543197514072e-02 7.856358515373309537e-01
2.805737571768161798e-02 7.858806239527127424e-01
2.799287600338810217e-02 7.861254811879404558e-01
2.792837628909457942e-02 7.863704232798738314e-01
2.786387657480105667e-02 7.866154502653947000e-01
2.779937686050753393e-02 7.868605621814046547e-01
2.773487714621401812e-02 7.871057590648258273e-01
2.767037743192049537e-02 7.873510409526019993e-01
2.760587771762697262e-02 7.875964078816952707e-01
2.754137800333344988e-02 7.878418598890910562e-01
2.747687828903993407e-02 7.880873970117937555e-01
2.741237857474641132e-02 7.883330192868284181e-01
2.734787886045288857e-02 7.885787267512420762e-01
2.728337914615936582e-02 7.888245194421008577e-01
2.721887943186585002e-02 7.890703973964927620e-01
2.715437971757232727e-02 7.893163606515258834e-01
2.708988000327880452e-02 7.895624092443291886e-01
2.702538028898528177e-02 7.898085432120526272e-01
2.696088057469176597e-02 7.900547625918664663e-01
2.689638086039824322e-02 7.903010674209625108e-01
2.683188114610472047e-02 7.905474577365523281e-01
2.676738143181119772e-02 7.907939335758690236e-01
2.670288171751768191e-02 7.910404949761665749e-01
2.663838200322415917e-02 7.912871419747187218e-01
2.657388228893063642e-02 7.915338746088217414e-01
2.650938257463711367e-02 7.917806929157917839e-01
2.644488286034359786e-02 7.920275969329656496e-01
2.638038314605007512e-02 7.922745866977016771e-01
2.631588343175655237e-02 7.925216622473787442e-01
2.625138371746302962e-02 7.927688236193966009e-01
2.618688400316951381e-02 7.930160708511763135e-01
2.612238428887599107e-02 7.932634039801593762e-01
2.605788457458246832e-02 7.935108230438088217e-01
2.599338486028894557e-02 7.937583280796078888e-01
2.592888514599542976e-02 7.940059191250615767e-01
2.586438543170190701e-02 7.942535962176959785e-01
2.579988571740838427e-02 7.945013593950570607e-01
2.573538600311486846e-02 7.947492086947134382e-01
2.567088628882134571e-02 7.949971441542532657e-01
2.560638657452782296e-02 7.952451658112864585e-01
2.554188686023430022e-02 7.954932737034446921e-01
2.547738714594078441e-02 7.957414678683791820e-01
2.541288743164726166e-02 7.959897483437637922e-01
2.534838771735373891e-02 7.962381151672923707e-01
2.528388800306021617e-02 7.964865683766807480e-01
2.521938828876670036e-02 7.967351080096652938e-01
2.515488857447317761e-02 7.969837341040039158e-01
2.509038886017965486e-02 7.972324466974756163e-01
2.502588914588613211e-02 7.974812458278802696e-01
2.496138943159261631e-02 7.977301315330397324e-01
2.489688971729909356e-02 7.979791038507961787e-01
2.483239000300557081e-02 7.982281628190138756e-01
2.476789028871204806e-02 7.984773084755775185e-01
2.470339057441853226e-02 7.987265408583938964e-01
2.463889086012500951e-02 7.989758600053904480e-01
2.457439114583148676e-02 7.992252659545162619e-01
2.450989143153796401e-02 7.994747587437418535e-01
2.444539171724444820e-02 7.997243384110582776e-01
2.438089200295092546e-02 7.999740049944790155e-01
2.431639228865740271e-02 8.002237585320384206e-01
2.425189257436387996e-02 8.004735990617919406e-01
2.418739286007036415e-02 8.007235266218171166e-01
2.412289314577684141e-02 8.009735412502120289e-01
2.405839343148331866e-02 8.012236429850969621e-01
2.399389371718979591e-02 8.014738318646134063e-01
2.392939400289628010e-02 8.017241079269233905e-01
2.386489428860275736e-02 8.019744712102123696e-01
2.380039457430923461e-02 8.022249217526853382e-01
2.373589486001571186e-02 8.024754595925701617e-01
2.367139514572219605e-02 8.027260847681150224e-01
2.360689543142867330e-02 8.029767973175906404e-01
2.354239571713515056e-02 8.032275972792890517e-01
2.347789600284162781e-02 8.034784846915231649e-01
2.341339628854811200e-02 8.037294595926286478e-01
2.334889657425458925e-02 8.039805220209617076e-01
2.328439685996106651e-02 8.042316720149006448e-01
2.321989714566754376e-02 8.044829096128451873e-01
2.315539743137402795e-02 8.047342348532166012e-01
2.309089771708050520e-02 8.049856477744588013e-01
2.302639800278698246e-02 8.052371484150357972e-01
2.296189828849346665e-02 8.054887368134341363e-01
2.289739857419994390e-02 8.057404130081622373e-01
2.283289885990642115e-02 8.059921770377495021e-01
2.276839914561289840e-02 8.062440289407482030e-01
2.270389943131938260e-02 8.064959687557310408e-01
2.263939971702585985e-02 8.067479965212932536e-01
2.257490000273233710e-02 8.070001122760518397e-01
2.251040028843881435e-02 8.072523160586453361e-01
2.244590057414529854e-02 8.075046079077340400e-01
2.238140085985177580e-02 8.077569878620002308e-01
2.231690114555825305e-02 8.080094559601481707e-01
2.225240143126473030e-02 8.082620122409038821e-01
2.218790171697121449e-02 8.085146567430144815e-01
2.212340200267769175e-02 8.087673895052504003e-01
2.205890228838416900e-02 8.090202105664028309e-01
2.199440257409064625e-02 8.092731199652852814e-01
2.192990285979713044e-02 8.095261177407330200e-01
2.186540314550360770e-02 8.097792039316037416e-01
2.180090343121008495e-02 8.100323785767761242e-01
2.173640371691656220e-02 8.102856417151521606e-01
2.167190400262304639e-02 8.105389933856542717e-01
2.160740428832952365e-02 8.107924336272283039e-01
2.154290457403600090e-02 8.110459624788413091e-01
2.147840485974247815e-02 8.112995799794823215e-01
2.141390514544896234e-02 8.115532861681631349e-01
2.134940543115543959e-02 8.118070810839166374e-01
2.128490571686191685e-02 8.120609647657986985e-01
2.122040600256839410e-02 8.123149372528868373e-01
2.115590628827487829e-02 8.125689985842803331e-01
2.109140657398135554e-02 8.128231487991015580e-01
2.102690685968783280e-02 8.130773879364939782e-01
2.096240714539431005e-02 8.133317160356238196e-01
2.089790743110079424e-02 8.135861331356794013e-01
2.083340771680727149e-02 8.138406392758710250e-01
2.076890800251374875e-02 8.140952344954311970e-01
2.070440828822022600e-02 8.143499188336155159e-01
2.063990857392671019e-02 8.146046923297000086e-01
2.057540885963318744e-02 8.148595550229847939e-01
2.051090914533966469e-02 8.151145069527911957e-01
2.044640943104614195e-02 8.153695481584631866e-01
2.038190971675262614e-02 8.156246786793670545e-01
2.031741000245910339e-02 8.158798985548908478e-01
2.025291028816558064e-02 8.161352078244459296e-01
2.018841057387206483e-02 8.163906065274649793e-01
2.012391085957854209e-02 8.166460947034038798e-01
2.005941114528501934e-02 8.169016723917406075e-01
1.999491143099149659e-02 8.171573396319748994e-01
1.993041171669798078e-02 8.174130964636299179e-01
1.986591200240445804e-02 8.176689429262506970e-01
1.980141228811093529e-02 8.179248790594045859e-01
1.973691257381741254e-02 8.181809049026816938e-01
1.967241285952389673e-02 8.184370204956946671e-01
1.960791314523037399e-02 8.186932258780784677e-01
1.954341343093685124e-02 8.189495210894900401e-01
1.947891371664332849e-02 8.192059061696100875e-01
1.941441400234981268e-02 8.194623811581406292e-01
1.934991428805628993e-02 8.197189460948067774e-01
1.928541457376276719e-02 8.199756010193562927e-01
1.922091485946924444e-02 8.202323459715593623e-01
1.915641514517572863e-02 8.204891809912084888e-01
1.909191543088220588e-02 8.207461061181193784e-01
1.902741571658868314e-02 8.210031213921300530e-01
1.896291600229516039e-02 8.212602268531010719e-01
1.889841628800164458e-02 8.215174225409159758e-01
1.883391657370812183e-02 8.217747084954802883e-01
1.876941685941459909e-02 8.220320847567234024e-01
1.870491714512107634e-02 8.222895513645961385e-01
1.864041743082756053e-02 8.225471083590731869e-01
1.857591771653403778e-02 8.228047557801508871e-01
1.851141800224051503e-02 8.230624936678491155e-01
1.844691828794699229e-02 8.233203220622101748e-01
1.838241857365347648e-02 8.235782410032993495e-01
1.831791885935995373e-02 8.238362505312045725e-01
1.825341914506643098e-02 8.240943506860368695e-01
1.818891943077290824e-02 8.243525415079296925e-01
1.812441971647939243e-02 8.246108230370394754e-01
1.805992000218586968e-02 8.248691953135457444e-01
1.799542028789234693e-02 8.251276583776507856e-01
1.793092057359882419e-02 8.253862122695795334e-01
1.786642085930530838e-02 8.256448570295801259e-01
1.780192114501178563e-02 8.259035926979239051e-01
1.773742143071826288e-02 8.261624193149046391e-01
1.767292171642474014e-02 8.264213369208390780e-01
1.760842200213122433e-02 8.266803455560672864e-01
1.754392228783770158e-02 8.269394452609519774e-01
1.747942257354417883e-02 8.271986360758794010e-01
1.741492285925066302e-02 8.274579180412582335e-01
1.735042314495714028e-02 8.277172911975204661e-01
1.728592343066361753e-02 8.279767555851215155e-01
1.722142371637009478e-02 8.282363112445391140e-01
1.715692400207657897e-02 8.284959582162749747e-01
1.709242428778305622e-02 8.287556965408526821e-01
1.702792457348953348e-02 8.290155262588205787e-01
1.696342485919601073e-02 8.292754474107486562e-01
1.689892514490249492e-02 8.295354600372308873e-01
1.683442543060897217e-02 8.297955641788844483e-01
1.676992571631544943e-02 8.300557598763492750e-01
1.670542600202192668e-02 8.303160471702887291e-01
1.664092628772841087e-02 8.305764261013895977e-01
1.657642657343488812e-02 8.308368967103614278e-01
1.651192685914136538e-02 8.310974590379374138e-01
1.644742714484784263e-02 8.313581131248743983e-01
1.638292743055432682e-02 8.316188590119512059e-01
1.631842771626080407e-02 8.318796967399717524e-01
1.625392800196728132e-02 8.321406263497617140e-01
1.618942828767375858e-02 8.324016478821708587e-01
1.612492857338024277e-02 8.326627613780723802e-01
1.606042885908672002e-02 8.329239668783622319e-01
1.599592914479319727e-02 8.331852644239606809e-01
1.593142943049967453e-02 8.334466540558109759e-01
1.586692971620615872e-02 8.337081358148793475e-01
1.580243000191263597e-02 8.339697097421558958e-01
1.573793028761911322e-02 8.342313758786543687e-01
1.567343057332559048e-02 8.344931342654117179e-01
1.560893085903207467e-02 8.347549849434882097e-01
1.554443114473855192e-02 8.350169279539678691e-01
1.547993143044502917e-02 8.352789633379587020e-01
1.541543171615150642e-02 8.355410911365914739e-01
1.535093200185799062e-02 8.358033113910205980e-01
1.528643228756446787e-02 8.360656241424242463e-01
1.522193257327094512e-02 8.363280294320047936e-01
1.515743285897742237e-02 8.365905273009871523e-01
1.509293314468390657e-02 8.368531177906202156e-01
1.502843343039038382e-02 8.371158009421770796e-01
1.496393371609686107e-02 8.373785767969540439e-01
1.489943400180333832e-02 8.376414453962709450e-01
1.483493428750982251e-02 8.379044067814714891e-01
1.477043457321629977e-02 8.381674609939231413e-01
1.470593485892277702e-02 8.384306080750171253e-01
1.464143514462926121e-02 8.386938480661684236e-01
1.457693543033573846e-02 8.389571810088152226e-01
1.451243571604221572e-02 8.392206069444205774e-01
1.444793600174869297e-02 8.394841259144703027e-01
1.438343628745517716e-02 8.397477379604743053e-01
1.431893657316165441e-02 8.400114431239670276e-01
1.425443685886813167e-02 8.402752414465057829e-01
1.418993714457460892e-02 8.405391329696720870e-01
1.412543743028109311e-02 8.408031177350717700e-01
1.406093771598757036e-02 8.410671957843338653e-01
1.399643800169404761e-02 8.413313671591118315e-01
1.393193828740052487e-02 8.415956319010825526e-01
1.386743857310700906e-02 8.418599900519475598e-01
1.380293885881348631e-02 8.421244416534320321e-01
1.373843914451996356e-02 8.423889867472845738e-01
1.367393943022644082e-02 8.426536253752786587e-01
1.360943971593292501e-02 8.429183575792111860e-01
1.354494000163940226e-02 8.431831834009034798e-01
1.348044028734587951e-02 8.434481028822010673e-01
1.341594057305235677e-02 8.437131160649724571e-01
1.335144085875884096e-02 8.439782229911115818e-01
1.328694114446531821e-02 8.442434237025359112e-01
1.322244143017179546e-02 8.445087182411866733e-01
1.315794171587827271e-02 8.447741066490298545e-01
1.309344200158475691e-02 8.450395889680549777e-01
1.302894228729123416e-02 8.453051652402766569e-01
1.296444257299771141e-02 8.455708355077328209e-01
1.289994285870418866e-02 8.458365998124857121e-01
1.283544314441067286e-02 8.461024581966224423e-01
1.277094343011715011e-02 8.463684107022533265e-01
1.270644371582362736e-02 8.466344573715144373e-01
1.264194400153010461e-02 8.469005982465643845e-01
1.257744428723658880e-02 8.471668333695868691e-01
1.251294457294306606e-02 8.474331627827906832e-01
1.244844485864954331e-02 8.476995865284077114e-01
1.238394514435602056e-02 8.479661046486944853e-01
1.231944543006250475e-02 8.482327171859325166e-01
1.225494571576898201e-02 8.484994241824269645e-01
1.219044600147545926e-02 8.487662256805078576e-01
1.212594628718194345e-02 8.490331217225296490e-01
1.206144657288842070e-02 8.493001123508704397e-01
1.199694685859489796e-02 8.495671976079338661e-01
1.193244714430137521e-02 8.498343775361474339e-01
1.186794743000785940e-02 8.501016521779634072e-01
1.180344771571433665e-02 8.503690215758580306e-01
1.173894800142081390e-02 8.506364857723326400e-01
1.167444828712729116e-02 8.509040448099132181e-01
1.160994857283377535e-02 8.511716987311495064e-01
1.154544885854025260e-02 8.514394475786167815e-01
1.148094914424672985e-02 8.517072913949137458e-01
1.141644942995320711e-02 8.519752302226648588e-01
1.135194971565969130e-02 8.522432641045188939e-01
1.128745000136616855e-02 8.525113930831487163e-01
1.122295028707264580e-02 8.527796172012526155e-01
1.115845057277912306e-02 8.530479365015529725e-01
1.109395085848560725e-02 8.533163510267971485e-01
1.102945114419208450e-02 8.535848608197571519e-01
1.096495142989856175e-02 8.538534659232297486e-01
1.090045171560503900e-02 8.541221663800365738e-01
1.083595200131152320e-02 8.543909622330234654e-01
1.077145228701800045e-02 8.546598535250621298e-01
1.070695257272447770e-02 8.549288402990481428e-01
1.064245285843095495e-02 8.551979225979018384e-01
1.057795314413743915e-02 8.554671004645690857e-01
1.051345342984391640e-02 8.557363739420202897e-01
1.044895371555039365e-02 8.560057430732506134e-01
1.038445400125687090e-02 8.562752079012803108e-01
1.031995428696335509e-02 8.565447684691540609e-01
1.025545457266983235e-02 8.568144248199424107e-01
1.019095485837630960e-02 8.570841769967398882e-01
1.012645514408278685e-02 8.573540250426661125e-01
1.006195542978927104e-02 8.576239690008667926e-01
9.997455715495748296e-03 8.578940089145111747e-01
9.932956001202225549e-03 8.581641448267944838e-01
9.868456286908702801e-03 8.584343767809364811e-01
9.803956572615186993e-03 8.587047048201817967e-01
9.739456858321664245e-03 8.589751289878010398e-01
9.674957144028141498e-03 8.592456493270893558e-01
9.610457429734618751e-03 8.595162658813665368e-01
9.545957715441102942e-03 8.597869786939784653e-01
9.481458001147580195e-03 8.600577878082953376e-01
9.416958286854057447e-03 8.603286932677129961e-01
9.352458572560541639e-03 8.605996951156523744e-01
9.287958858267018891e-03 8.608707933955589420e-01
9.223459143973496144e-03 8.611419881509051466e-01
9.158959429679973396e-03 8.614132794251868619e-01
9.094459715386457588e-03 8.616846672619252745e-01
9.029960001092934840e-03 8.619561517046682164e-01
8.965460286799412093e-03 8.622277327969878336e-01
8.900960572505889346e-03 8.624994105824819179e-01
8.836460858212373537e-03 8.627711851047732416e-01
8.771961143918850790e-03 8.630430564075098898e-01
8.707461429625328042e-03 8.633150245343660378e-01
8.642961715331805295e-03 8.635870895290405080e-01
8.578462001038289486e-03 8.638592514352575469e-01
8.513962286744766739e-03 8.641315102967676021e-01
8.449462572451243991e-03 8.644038661573453242e-01
8.384962858157721244e-03 8.646763190607920091e-01
8.320463143864205435e-03 8.649488690509334887e-01
8.255963429570682688e-03 8.652215161716217962e-01
8.191463715277159940e-03 8.654942604667341666e-01
8.126964000983637193e-03 8.657671019801731482e-01
8.062464286690121384e-03 8.660400407558673797e-01
7.997964572396598637e-03 8.663130768377701463e-01
7.933464858103075890e-03 8.665862102698616010e-01
7.868965143809553142e-03 8.668594410961468766e-01
7.804465429516037334e-03 8.671327693606558640e-01
7.739965715222514586e-03 8.674061951074455434e-01
7.675466000928991839e-03 8.676797183805976532e-01
7.610966286635469091e-03 8.679533392242199108e-01
7.546466572341953283e-03 8.682270576824457908e-01
7.481966858048430535e-03 8.685008737994341921e-01
7.417467143754907788e-03 8.687747876193702146e-01
7.352967429461385040e-03 8.690487991864637163e-01
7.288467715167869232e-03 8.693229085449518667e-01
7.223968000874346485e-03 8.695971157390963713e-01
7.159468286580823737e-03 8.698714208131851366e-01
7.094968572287300990e-03 8.701458238115319377e-01
7.030468857993785181e-03 8.704203247784765285e-01
6.965969143700262434e-03 8.706949237583838652e-01
6.901469429406739686e-03 8.709696207956458824e-01
6.836969715113216939e-03 8.712444159346797168e-01
6.772470000819701130e-03 8.715193092199282621e-01
6.707970286526178383e-03 8.717943006958606134e-01
6.643470572232655635e-03 8.720693904069719560e-01
6.578970857939139827e-03 8.723445783977833434e-01
6.514471143645617079e-03 8.726198647128419195e-01
6.449971429352094332e-03 8.728952493967200299e-01
6.385471715058571585e-03 8.731707324940176651e-01
6.320972000765055776e-03 8.734463140493591293e-01
6.256472286471533029e-03 8.737219941073964824e-01
6.191972572178010281e-03 8.739977727128062091e-01
6.127472857884487534e-03 8.742736499102921055e-01
6.062973143590971725e-03 8.745496257445832811e-01
5.998473429297448978e-03 8.748257002604356014e-01
5.933973715003926230e-03 8.751018735026314666e-01
5.869474000710403483e-03 8.753781455159780345e-01
5.804974286416887674e-03 8.756545163453096636e-01
5.740474572123364927e-03 8.759309860354871358e-01
5.675974857829842180e-03 8.762075546313968788e-01
5.611475143536319432e-03 8.764842221779518550e-01
5.546975429242803624e-03 8.767609887200913388e-01
5.482475714949280876e-03 8.770378543027809171e-01
5.417976000655758129e-03 8.773148189710118228e-01
5.353476286362235381e-03 8.775918827698029334e-01
5.288976572068719573e-03 8.778690457441983286e-01
5.224476857775196825e-03 8.781463079392692883e-01
5.159977143481674078e-03 8.784236694001124057e-01
5.095477429188151330e-03 8.787011301718521405e-01
5.030977714894635522e-03 8.789786902996382656e-01
4.966478000601112774e-03 8.792563498286471990e-01
4.901978286307590027e-03 8.795341088040821154e-01
4.837478572014067280e-03 8.798119672711729455e-01
4.772978857720551471e-03 8.800899252751749335e-01
4.708479143427028724e-03 8.803679828613713010e-01
4.643979429133505976e-03 8.806461400750710267e-01
4.579479714839983229e-03 8.809243969616094017e-01
4.514980000546467420e-03 8.812027535663491395e-01
4.450480286252944673e-03 8.814812099346792662e-01
4.385980571959421925e-03 8.817597661120150088e-01
4.321480857665899178e-03 8.820384221437981287e-01
4.256981143372383369e-03 8.823171780754983651e-01
4.192481429078860622e-03 8.825960339526103260e-01
4.127981714785337874e-03 8.828749898206564861e-01
4.063482000491815127e-03 8.831540457251861875e-01
3.998982286198299319e-03 8.834332017117743074e-01
3.934482571904776571e-03 8.837124578260241448e-01
3.869982857611253824e-03 8.839918141135644225e-01
3.805483143317738015e-03 8.842712706200509531e-01
3.740983429024215268e-03 8.845508273911669717e-01
3.676483714730692520e-03 8.848304844726221363e-01
3.611984000437169773e-03 8.851102419101526397e-01
3.547484286143653964e-03 8.853900997495220970e-01
3.482984571850131217e-03 8.856700580365206577e-01
3.418484857556608469e-03 8.859501168169657825e-01
3.353985143263085722e-03 8.862302761367013559e-01
3.289485428969569913e-03 8.865105360415987956e-01
3.224985714676047166e-03 8.867908965775560537e-01
3.160486000382524419e-03 8.870713577904980607e-01
3.095986286089001671e-03 8.873519197263771696e-01
3.031486571795485863e-03 8.876325824311722679e-01
2.966986857501963115e-03 8.879133459508897763e-01
2.902487143208440368e-03 8.881942103315628723e-01
2.837987428914917620e-03 8.884751756192518224e-01
2.773487714621401812e-03 8.887562418600444270e-01
2.708988000327879064e-03 8.890374091000550205e-01
2.644488286034356317e-03 8.893186773854254712e-01
2.579988571740833569e-03 8.896000467623246255e-01
2.515488857447317761e-03 8.898815172769485304e-01
2.450989143153795013e-03 8.901630889755212106e-01
2.386489428860272266e-03 8.904447619042922257e-01
2.321989714566749519e-03 8.907265361095403344e-01
2.257490000273233710e-03 8.910084116375700525e-01
2.192990285979710963e-03 8.912903885347138733e-01
2.128490571686188215e-03 8.915724668473319348e-01
2.063990857392665468e-03 8.918546466218109092e-01
1.999491143099149659e-03 8.921369279045652245e-01
1.934991428805626912e-03 8.924193107420369531e-01
1.870491714512104164e-03 8.927017951806949236e-01
1.805992000218581417e-03 8.929843812670361647e-01
1.741492285925058670e-03 8.932670690475843500e-01
1.676992571631535922e-03 8.935498585688910200e-01
1.612492857338027052e-03 8.938327498775352487e-01
1.547993143044504305e-03 8.941157430201234213e-01
1.483493428750981558e-03 8.943988380432895680e-01
1.418993714457458810e-03 8.946820349936951411e-01
1.354494000163936063e-03 8.949653339180294598e-01
1.289994285870413315e-03 8.952487348630087105e-01
1.225494571576890568e-03 8.955322378753772794e-01
1.160994857283367820e-03 8.958158430019071972e-01
1.096495142989858951e-03 8.960995502893978060e-01
1.031995428696336203e-03 8.963833597846763146e-01
9.674957144028134559e-04 8.966672715345979094e-01
9.029960001092907085e-04 8.969512855860443112e-01
8.384962858157679610e-04 8.972354019859259955e-01
7.739965715222452136e-04 8.975196207811816373e-01
7.094968572287224662e-04 8.978039420187761133e-01
6.449971429352135965e-04 8.980883657457034985e-01
5.804974286416908491e-04 8.983728920089848469e-01
5.159977143481681017e-04 8.986575208556691896e-01
4.514980000546453542e-04 8.989422523328337578e-01
3.869982857611226068e-04 8.992270864875833158e-01
3.224985714675998594e-04 8.995120233670506060e-01
2.579988571740771119e-04 8.997970630183961260e-01
1.934991428805543645e-04 9.000822054888083512e-01
1.289994285870454949e-04 9.003674508255038456e-01
6.449971429352274743e-05 9.006527990757273727e-01
0.000000000000000000e+00 9.009382502867508968e-01
