6.443521457922744833e-02 7.068000315084652652e-01
6.437071486493392558e-02 7.069209892211870683e-01
6.430621515064040283e-02 7.070420621789286209e-01
6.424171543634688009e-02 7.071632504717478840e-01
6.417721572205337122e-02 7.072845541897589960e-01
6.411271600775984847e-02 7.074059734231339380e-01
6.404821629346632572e-02 7.075275082621007572e-01
6.398371657917280297e-02 7.076491587969456765e-01
6.391921686487928023e-02 7.077709251180108740e-01
6.385471715058575748e-02 7.078928073156955936e-01
6.379021743629223473e-02 7.080148054804575874e-01
6.372571772199871198e-02 7.081369197028101192e-01
6.366121800770520311e-02 7.082591500733248502e-01
6.359671829341168037e-02 7.083814966826302850e-01
6.353221857911815762e-02 7.085039596214115498e-01
6.346771886482463487e-02 7.086265389804122794e-01
6.340321915053111212e-02 7.087492348504327300e-01
6.333871943623758938e-02 7.088720473223312224e-01
6.327421972194406663e-02 7.089949764870222548e-01
6.320972000765054388e-02 7.091180224354789452e-01
6.314522029335703501e-02 7.092411852587316989e-01
6.308072057906351227e-02 7.093644650478682090e-01
6.301622086476998952e-02 7.094878618940341219e-01
6.295172115047646677e-02 7.096113758884321498e-01
6.288722143618294402e-02 7.097350071223230694e-01
6.282272172188942128e-02 7.098587556870257220e-01
6.275822200759589853e-02 7.099826216739159035e-01
6.269372229330237578e-02 7.101066051744276963e-01
6.262922257900886691e-02 7.102307062800530257e-01
6.256472286471534416e-02 7.103549250823414374e-01
6.250022315042182142e-02 7.104792616729005417e-01
6.243572343612829867e-02 7.106037161433957916e-01
6.237122372183477592e-02 7.107282885855510379e-01
6.230672400754125317e-02 7.108529790911471968e-01
6.224222429324773737e-02 7.109777877520243594e-01
6.217772457895421462e-02 7.111027146600796822e-01
6.211322486466069187e-02 7.112277599072697187e-01
6.204872515036716912e-02 7.113529235856074218e-01
6.198422543607365331e-02 7.114782057871661403e-01
6.191972572178013057e-02 7.116036066040754005e-01
6.185522600748660782e-02 7.117291261285245696e-01
6.179072629319308507e-02 7.118547644527604135e-01
6.172622657889956926e-02 7.119805216690883176e-01
6.166172686460604652e-02 7.121063978698721764e-01
6.159722715031252377e-02 7.122323931475341707e-01
6.153272743601900796e-02 7.123585075945556566e-01
6.146822772172548521e-02 7.124847413034753885e-01
6.140372800743196247e-02 7.126110943668911846e-01
6.133922829313843972e-02 7.127375668774601492e-01
6.127472857884492391e-02 7.128641589278966739e-01
6.121022886455140116e-02 7.129908706109748806e-01
6.114572915025787841e-02 7.131177020195273997e-01
6.108122943596435567e-02 7.132446532464453703e-01
6.101672972167083986e-02 7.133717243846788847e-01
6.095223000737731711e-02 7.134989155272373207e-01
6.088773029308379436e-02 7.136262267671877879e-01
6.082323057879027162e-02 7.137536581976572370e-01
6.075873086449675581e-02 7.138812099118317933e-01
6.069423115020323306e-02 7.140088820029557581e-01
6.062973143590971031e-02 7.141366745643329406e-01
6.056523172161618757e-02 7.142645876893261025e-01
6.050073200732267176e-02 7.143926214713571810e-01
6.043623229302914901e-02 7.145207760039071765e-01
6.037173257873562626e-02 7.146490513805170419e-01
6.030723286444210351e-02 7.147774476947853506e-01
6.024273315014858771e-02 7.149059650403712940e-01
6.017823343585506496e-02 7.150346035109934606e-01
6.011373372156154221e-02 7.151633632004283925e-01
6.004923400726801946e-02 7.152922442025136940e-01
5.998473429297450366e-02 7.154212466111453672e-01
5.992023457868098091e-02 7.155503705202792553e-01
5.985573486438745816e-02 7.156796160239307092e-01
5.979123515009393541e-02 7.158089832161743660e-01
5.972673543580041960e-02 7.159384721911449256e-01
5.966223572150689686e-02 7.160680830430362631e-01
5.959773600721337411e-02 7.161978158661024274e-01
5.953323629291985830e-02 7.163276707546566424e-01
5.946873657862633555e-02 7.164576478030719731e-01
5.940423686433281281e-02 7.165877471057819914e-01
5.933973715003929006e-02 7.167179687572792224e-01
5.927523743574576731e-02 7.168483128521163650e-01
5.921073772145225150e-02 7.169787794849065143e-01
5.914623800715872876e-02 7.171093687503216074e-01
5.908173829286520601e-02 7.172400807430947545e-01
5.901723857857169020e-02 7.173709155580183516e-01
5.895273886427816745e-02 7.175018732899451912e-01
5.888823914998464470e-02 7.176329540337884616e-01
5.882373943569112196e-02 7.177641578845207482e-01
5.875923972139759921e-02 7.178954849371752545e-01
5.869474000710408340e-02 7.180269352868456911e-01
5.863024029281056065e-02 7.181585090286857209e-01
5.856574057851703791e-02 7.182902062579095137e-01
5.850124086422352210e-02 7.184220270697910804e-01
5.843674114992999935e-02 7.185539715596656052e-01
5.837224143563647660e-02 7.186860398229283353e-01
5.830774172134295386e-02 7.188182319550351362e-01
5.824324200704943111e-02 7.189505480515017144e-01
5.817874229275591530e-02 7.190829882079057267e-01
5.811424257846239255e-02 7.192155525198836719e-01
5.804974286416886980e-02 7.193482410831345542e-01
5.798524314987535400e-02 7.194810539934167748e-01
5.792074343558183125e-02 7.196139913465496862e-01
5.785624372128830850e-02 7.197470532384139252e-01
5.779174400699478575e-02 7.198802397649503026e-01
5.772724429270126995e-02 7.200135510221611357e-01
5.766274457840774720e-02 7.201469871061088046e-01
5.759824486411422445e-02 7.202805481129169740e-01
5.753374514982070170e-02 7.204142341387710369e-01
5.746924543552718589e-02 7.205480452799164492e-01
5.740474572123366315e-02 7.206819816326599515e-01
5.734024600694014040e-02 7.208160432933697903e-01
5.727574629264661765e-02 7.209502303584744975e-01
5.721124657835310184e-02 7.210845429244647775e-01
5.714674686405957910e-02 7.212189810878918417e-01
5.708224714976605635e-02 7.213535449453687409e-01
5.701774743547253360e-02 7.214882345935692554e-01
5.695324772117901779e-02 7.216230501292285604e-01
5.688874800688549505e-02 7.217579916491440040e-01
5.682424829259197230e-02 7.218930592501732191e-01
5.675974857829844955e-02 7.220282530292364553e-01
5.669524886400493374e-02 7.221635730833144695e-01
5.663074914971141099e-02 7.222990195094501908e-01
5.656624943541788825e-02 7.224345924047477219e-01
5.650174972112437244e-02 7.225702918663734486e-01
5.643725000683084969e-02 7.227061179915548195e-01
5.637275029253732694e-02 7.228420708775813441e-01
5.630825057824380420e-02 7.229781506218034837e-01
5.624375086395028145e-02 7.231143573216354259e-01
5.617925114965676564e-02 7.232506910745510886e-01
5.611475143536324289e-02 7.233871519780870063e-01
5.605025172106972015e-02 7.235237401298426629e-01
5.598575200677620434e-02 7.236604556274776057e-01
5.592125229248268159e-02 7.237972985687151084e-01
5.585675257818915884e-02 7.239342690513398404e-01
5.579225286389563609e-02 7.240713671731983103e-01
5.572775314960211335e-02 7.242085930321995324e-01
5.566325343530859754e-02 7.243459467263141383e-01
5.559875372101507479e-02 7.244834283535761532e-01
5.553425400672155204e-02 7.246210380120806649e-01
5.546975429242803624e-02 7.247587757999857105e-01
5.540525457813451349e-02 7.248966418155113889e-01
5.534075486384099074e-02 7.250346361569405262e-01
5.527625514954746799e-02 7.251727589226180104e-01
5.521175543525394525e-02 7.253110102109513457e-01
5.514725572096042944e-02 7.254493901204106532e-01
5.508275600666690669e-02 7.255878987495285593e-01
5.501825629237338394e-02 7.257265361969003070e-01
5.495375657807986813e-02 7.258653025611835341e-01
5.488925686378634539e-02 7.260041979410989388e-01
5.482475714949282264e-02 7.261432224354296139e-01
5.476025743519929989e-02 7.262823761430222680e-01
5.469575772090578408e-02 7.264216591627850050e-01
5.463125800661226134e-02 7.265610715936896558e-01
5.456675829231873859e-02 7.267006135347713336e-01
5.450225857802522278e-02 7.268402850851273245e-01
5.443775886373170003e-02 7.269800863439181970e-01
5.437325914943817728e-02 7.271200174103672476e-01
5.430875943514465454e-02 7.272600783837614991e-01
5.424425972085113179e-02 7.274002693634507022e-01
5.417976000655761598e-02 7.275405904488476683e-01
5.411526029226409323e-02 7.276810417394288244e-01
5.405076057797057049e-02 7.278216233347331032e-01
5.398626086367705468e-02 7.279623353343633863e-01
5.392176114938353193e-02 7.281031778379859487e-01
5.385726143509000918e-02 7.282441509453294604e-01
5.379276172079648644e-02 7.283852547561875390e-01
5.372826200650296369e-02 7.285264893704160860e-01
5.366376229220944788e-02 7.286678548879345074e-01
5.359926257791592513e-02 7.288093514087263802e-01
5.353476286362240238e-02 7.289509790328386751e-01
5.347026314932888658e-02 7.290927378603819786e-01
5.340576343503536383e-02 7.292346279915301599e-01
5.334126372074184108e-02 7.293766495265211480e-01
5.327676400644831833e-02 7.295188025656571540e-01
5.321226429215479559e-02 7.296610872093030054e-01
5.314776457786127978e-02 7.298035035578882557e-01
5.308326486356775703e-02 7.299460517119060743e-01
5.301876514927423428e-02 7.300887317719138014e-01
5.295426543498071847e-02 7.302315438385323931e-01
5.288976572068719573e-02 7.303744880124469763e-01
5.282526600639367298e-02 7.305175643944066266e-01
5.276076629210015023e-02 7.306607730852248128e-01
5.269626657780662748e-02 7.308041141857792855e-01
5.263176686351311168e-02 7.309475877970113000e-01
5.256726714921958893e-02 7.310911940199268377e-01
5.250276743492606618e-02 7.312349329555962729e-01
5.243826772063255037e-02 7.313788047051539287e-01
5.237376800633902763e-02 7.315228093697989653e-01
5.230926829204550488e-02 7.316669470507942696e-01
5.224476857775198213e-02 7.318112178494678988e-01
5.218026886345845938e-02 7.319556218672120806e-01
5.211576914916494357e-02 7.321001592054835472e-01
5.205126943487142083e-02 7.322448299658038673e-01
5.198676972057790502e-02 7.323896342497590028e-01
5.192227000628438227e-02 7.325345721589996417e-01
5.185777029199085952e-02 7.326796437952408647e-01
5.179327057769733678e-02 7.328248492602635888e-01
5.172877086340381403e-02 7.329701886559123469e-01
5.166427114911029822e-02 7.331156620840971749e-01
5.159977143481677547e-02 7.332612696467926128e-01
5.153527172052325273e-02 7.334070114460387035e-01
5.147077200622973692e-02 7.335528875839398832e-01
5.140627229193621417e-02 7.336988981626662021e-01
5.134177257764269142e-02 7.338450432844521032e-01
5.127727286334916867e-02 7.339913230515976439e-01
5.121277314905564593e-02 7.341377375664678295e-01
5.114827343476213012e-02 7.342842869314933907e-01
5.108377372046860737e-02 7.344309712491693398e-01
5.101927400617508462e-02 7.345777906220567477e-01
5.095477429188156882e-02 7.347247451527820772e-01
5.089027457758804607e-02 7.348718349440364062e-01
5.082577486329452332e-02 7.350190600985772038e-01
5.076127514900100057e-02 7.351664207192266653e-01
5.069677543470747783e-02 7.353139169088729332e-01
5.063227572041396202e-02 7.354615487704696530e-01
5.056777600612043927e-02 7.356093164070360846e-01
5.050327629182691652e-02 7.357572199216565467e-01
5.043877657753340071e-02 7.359052594174821937e-01
5.037427686323987797e-02 7.360534349977291280e-01
5.030977714894635522e-02 7.362017467656791769e-01
5.024527743465283247e-02 7.363501948246808926e-01
5.018077772035930972e-02 7.364987792781474418e-01
5.011627800606579392e-02 7.366475002295589380e-01
5.005177829177227117e-02 7.367963577824607757e-01
4.998727857747874842e-02 7.369453520404651847e-01
4.992277886318523261e-02 7.370944831072492320e-01
4.985827914889170986e-02 7.372437510865572641e-01
4.979377943459818712e-02 7.373931560821993525e-01
4.972927972030466437e-02 7.375426981980514052e-01
4.966478000601114162e-02 7.376923775380561654e-01
4.960028029171762581e-02 7.378421942062224348e-01
4.953578057742410307e-02 7.379921483066248511e-01
4.947128086313058032e-02 7.381422399434054427e-01
4.940678114883706451e-02 7.382924692207719630e-01
4.934228143454354176e-02 7.384428362429982240e-01
4.927778172025001902e-02 7.385933411144259830e-01
4.921328200595649627e-02 7.387439839394619456e-01
4.914878229166298046e-02 7.388947648225806519e-01
4.908428257736945771e-02 7.390456838683225893e-01
4.901978286307593496e-02 7.391967411812948585e-01
4.895528314878241916e-02 7.393479368661722839e-01
4.889078343448889641e-02 7.394992710276948600e-01
4.882628372019537366e-02 7.396507437706713040e-01
4.876178400590185091e-02 7.398023551999755032e-01
4.869728429160832817e-02 7.399541054205491797e-01
4.863278457731480542e-02 7.401059945374011129e-01
4.856828486302128961e-02 7.402580226556065846e-01
4.850378514872776686e-02 7.404101898803083781e-01
4.843928543443425105e-02 7.405624963167162234e-01
4.837478572014072831e-02 7.407149420701066855e-01
4.831028600584720556e-02 7.408675272458241645e-01
4.824578629155368281e-02 7.410202519492795625e-01
4.818128657726016006e-02 7.411731162859522826e-01
4.811678686296663732e-02 7.413261203613874528e-01
4.805228714867312151e-02 7.414792642811984802e-01
4.798778743437959876e-02 7.416325481510667172e-01
4.792328772008608295e-02 7.417859720767395748e-01
4.785878800579256021e-02 7.419395361640335196e-01
4.779428829149903746e-02 7.420932405188318537e-01
4.772978857720551471e-02 7.422470852470850478e-01
4.766528886291199196e-02 7.424010704548119621e-01
4.760078914861847615e-02 7.425551962480994028e-01
4.753628943432495341e-02 7.427094627331003451e-01
4.747178972003143760e-02 7.428638700160373753e-01
4.740729000573791485e-02 7.430184182032003593e-01
4.734279029144439210e-02 7.431731074009466642e-01
4.727829057715086936e-02 7.433279377157019363e-01
4.721379086285734661e-02 7.434829092539596562e-01
4.714929114856382386e-02 7.436380221222813613e-01
4.708479143427030805e-02 7.437932764272969788e-01
4.702029171997678531e-02 7.439486722757041592e-01
4.695579200568326950e-02 7.441042097742688322e-01
4.689129229138974675e-02 7.442598890298253167e-01
4.682679257709622400e-02 7.444157101492759887e-01
4.676229286280270125e-02 7.445716732395915027e-01
4.669779314850917851e-02 7.447277784078112361e-01
4.663329343421565576e-02 7.448840257610429560e-01
4.656879371992213995e-02 7.450404154064621531e-01
4.650429400562861720e-02 7.451969474513137071e-01
4.643979429133510139e-02 7.453536220029106651e-01
4.637529457704157865e-02 7.455104391686344645e-01
4.631079486274805590e-02 7.456673990559354870e-01
4.624629514845453315e-02 7.458245017723329484e-01
4.618179543416101041e-02 7.459817474254147873e-01
4.611729571986748766e-02 7.461391361228372210e-01
4.605279600557397185e-02 7.462966679723254115e-01
4.598829629128044910e-02 7.464543430816742431e-01
4.592379657698693329e-02 7.466121615587462124e-01
4.585929686269341055e-02 7.467701235114742042e-01
4.579479714839988780e-02 7.469282290478588271e-01
4.573029743410636505e-02 7.470864782759706335e-01
4.566579771981284230e-02 7.472448713039488988e-01
4.560129800551931956e-02 7.474034082400021761e-01
4.553679829122580375e-02 7.475620891924082967e-01
4.547229857693228100e-02 7.477209142695145916e-01
4.540779886263876519e-02 7.478798835797366706e-01
4.534329914834524244e-02 7.480389972315609759e-01
4.527879943405171970e-02 7.481982553335421171e-01
4.521429971975819695e-02 7.483576579943049811e-01
4.514980000546467420e-02 7.485172053225433997e-01
4.508530029117115839e-02 7.486768974270210375e-01
4.502080057687763565e-02 7.488367344165711703e-01
4.495630086258411984e-02 7.489967164000965738e-01
4.489180114829059709e-02 7.491568434865700787e-01
4.482730143399707434e-02 7.493171157850336828e-01
4.476280171970355160e-02 7.494775334045995496e-01
4.469830200541002885e-02 7.496380964544497871e-01
4.463380229111650610e-02 7.497988050438358920e-01
4.456930257682299029e-02 7.499596592820796381e-01
4.450480286252946754e-02 7.501206592785731875e-01
4.444030314823595174e-02 7.502818051427777579e-01
4.437580343394242899e-02 7.504430969842253996e-01
4.431130371964890624e-02 7.506045349125183286e-01
4.424680400535538349e-02 7.507661190373282611e-01
4.418230429106186075e-02 7.509278494683977456e-01
4.411780457676833800e-02 7.510897263155396075e-01
4.405330486247482219e-02 7.512517496886365054e-01
4.398880514818129944e-02 7.514139196976419299e-01
4.392430543388778363e-02 7.515762364525797601e-01
4.385980571959426089e-02 7.517387000635440408e-01
4.379530600530073814e-02 7.519013106406995384e-01
4.373080629100721539e-02 7.520640682942816291e-01
4.366630657671369264e-02 7.522269731345960775e-01
4.360180686242016990e-02 7.523900252720194803e-01
4.353730714812665409e-02 7.525532248169994887e-01
4.347280743383313134e-02 7.527165718800536975e-01
4.340830771953961553e-02 7.528800665717713114e-01
4.334380800524609278e-02 7.530437090028120339e-01
4.327930829095257004e-02 7.532074992839059568e-01
4.321480857665904729e-02 7.533714375258553364e-01
4.315030886236552454e-02 7.535355238395324839e-01
4.308580914807200180e-02 7.536997583358807651e-01
4.302130943377848599e-02 7.538641411259155989e-01
4.295680971948496324e-02 7.540286723207223485e-01
4.289231000519144743e-02 7.541933520314584305e-01
4.282781029089792468e-02 7.543581803693518717e-01
4.276331057660440194e-02 7.545231574457027524e-01
4.269881086231087919e-02 7.546882833718815409e-01
4.263431114801735644e-02 7.548535582593314253e-01
4.256981143372383369e-02 7.550189822195654266e-01
4.250531171943031788e-02 7.551845553641695075e-01
4.244081200513679514e-02 7.553502778048001298e-01
4.237631229084327933e-02 7.555161496531861420e-01
4.231181257654975658e-02 7.556821710211275578e-01
4.224731286225623383e-02 7.558483420204963332e-01
4.218281314796271109e-02 7.560146627632358118e-01
4.211831343366918834e-02 7.561811333613617236e-01
4.205381371937567253e-02 7.563477539269608529e-01
4.198931400508214978e-02 7.565145245721928147e-01
4.192481429078863397e-02 7.566814454092885001e-01
4.186031457649511123e-02 7.568485165505510759e-01
4.179581486220158848e-02 7.570157381083554293e-01
4.173131514790806573e-02 7.571831101951488341e-01
4.166681543361454299e-02 7.573506329234508394e-01
4.160231571932102024e-02 7.575183064058528259e-01
4.153781600502750443e-02 7.576861307550184499e-01
4.147331629073398168e-02 7.578541060836844201e-01
4.140881657644046587e-02 7.580222325046586107e-01
4.134431686214694313e-02 7.581905101308221706e-01
4.127981714785342038e-02 7.583589390751281911e-01
4.121531743355989763e-02 7.585275194506027052e-01
4.115081771926637488e-02 7.586962513703439104e-01
4.108631800497285214e-02 7.588651349475222796e-01
4.102181829067933633e-02 7.590341702953823377e-01
4.095731857638581358e-02 7.592033575272396639e-01
4.089281886209229777e-02 7.593726967564835562e-01
4.082831914779877502e-02 7.595421880965758099e-01
4.076381943350525228e-02 7.597118316610508293e-01
4.069931971921172953e-02 7.598816275635168482e-01
4.063482000491820678e-02 7.600515759176538211e-01
4.057032029062468403e-02 7.602216768372153100e-01
4.050582057633116823e-02 7.603919304360282627e-01
4.044132086203764548e-02 7.605623368279921248e-01
4.037682114774412967e-02 7.607328961270798384e-01
4.031232143345060692e-02 7.609036084473371764e-01
4.024782171915708417e-02 7.610744739028838524e-01
4.018332200486356143e-02 7.612454926079125217e-01
4.011882229057003868e-02 7.614166646766885593e-01
4.005432257627651593e-02 7.615879902235518362e-01
3.998982286198300012e-02 7.617594693629149427e-01
3.992532314768947738e-02 7.619311022092647434e-01
3.986082343339596157e-02 7.621028888771607113e-01
3.979632371910243882e-02 7.622748294812363712e-01
3.973182400480891607e-02 7.624469241361990779e-01
3.966732429051539333e-02 7.626191729568297939e-01
3.960282457622187058e-02 7.627915760579828675e-01
3.953832486192835477e-02 7.629641335545872538e-01
3.947382514763483202e-02 7.631368455616448498e-01
3.940932543334131621e-02 7.633097121942324925e-01
3.934482571904779347e-02 7.634827335674998494e-01
3.928032600475427072e-02 7.636559097966719722e-01
3.921582629046074797e-02 7.638292409970465213e-01
3.915132657616722522e-02 7.640027272839964301e-01
3.908682686187370248e-02 7.641763687729683507e-01
3.902232714758018667e-02 7.643501655794826544e-01
3.895782743328666392e-02 7.645241178191350961e-01
3.889332771899314811e-02 7.646982256075951501e-01
3.882882800469962536e-02 7.648724890606064530e-01
3.876432829040610262e-02 7.650469082939878041e-01
3.869982857611257987e-02 7.652214834236317209e-01
3.863532886181905712e-02 7.653962145655056615e-01
3.857082914752553437e-02 7.655711018356515796e-01
3.850632943323201857e-02 7.657461453501860360e-01
3.844182971893849582e-02 7.659213452253006427e-01
3.837733000464498001e-02 7.660967015772613964e-01
3.831283029035145726e-02 7.662722145224089010e-01
3.824833057605793452e-02 7.664478841771593665e-01
3.818383086176441177e-02 7.666237106580029437e-01
3.811933114747088902e-02 7.667996940815053897e-01
3.805483143317736627e-02 7.669758345643078457e-01
3.799033171888385046e-02 7.671521322231251716e-01
3.792583200459032772e-02 7.673285871747487219e-01
3.786133229029681191e-02 7.675051995360442358e-01
3.779683257600328916e-02 7.676819694239527259e-01
3.773233286170976641e-02 7.678588969554914767e-01
3.766783314741624367e-02 7.680359822477514919e-01
3.760333343312272092e-02 7.682132254179001585e-01
3.753883371882919817e-02 7.683906265831801363e-01
3.747433400453568236e-02 7.685681858609096917e-01
3.740983429024215962e-02 7.687459033684820309e-01
3.734533457594864381e-02 7.689237792233668545e-01
3.728083486165512106e-02 7.691018135431085812e-01
3.721633514736159831e-02 7.692800064453282349e-01
3.715183543306807556e-02 7.694583580477216689e-01
3.708733571877455282e-02 7.696368684680613415e-01
3.702283600448103007e-02 7.698155378241950952e-01
3.695833629018751426e-02 7.699943662340469341e-01
3.689383657589399845e-02 7.701733538156165793e-01
3.682933686160047571e-02 7.703525006869800240e-01
3.676483714730695296e-02 7.705318069662890901e-01
3.670033743301343021e-02 7.707112727717717604e-01
3.663583771871990746e-02 7.708908982217322903e-01
3.657133800442638472e-02 7.710706834345512073e-01
3.650683829013286891e-02 7.712506285286853114e-01
3.644233857583934616e-02 7.714307336226675638e-01
3.637783886154583035e-02 7.716109988351075311e-01
3.631333914725230760e-02 7.717914242846909412e-01
3.624883943295878486e-02 7.719720100901803495e-01
3.618433971866526211e-02 7.721527563704144725e-01
3.611984000437173936e-02 7.723336632443092986e-01
3.605534029007821661e-02 7.725147308308567551e-01
3.599084057578470081e-02 7.726959592491257078e-01
3.592634086149117806e-02 7.728773486182619612e-01
3.586184114719766225e-02 7.730588990574878139e-01
3.579734143290413950e-02 7.732406106861030581e-01
3.573284171861061675e-02 7.734224836234836475e-01
3.566834200431709401e-02 7.736045179890826962e-01
3.560384229002357126e-02 7.737867139024307006e-01
3.553934257573004851e-02 7.739690714831354290e-01
3.547484286143653270e-02 7.741515908508811439e-01
3.541034314714300996e-02 7.743342721254293792e-01
3.534584343284949415e-02 7.745171154266192737e-01
3.528134371855597140e-02 7.747001208743671263e-01
3.521684400426244865e-02 7.748832885886666189e-01
3.515234428996892591e-02 7.750666186895885934e-01
3.508784457567540316e-02 7.752501112972821629e-01
3.502334486138188041e-02 7.754337665319724904e-01
3.495884514708836460e-02 7.756175845139640090e-01
3.489434543279484185e-02 7.758015653636375353e-01
3.482984571850132605e-02 7.759857092014521562e-01
3.476534600420780330e-02 7.761700161479447857e-01
3.470084628991428055e-02 7.763544863237291649e-01
3.463634657562075780e-02 7.765391198494984160e-01
3.457184686132723506e-02 7.767239168460223775e-01
3.450734714703371231e-02 7.769088774341492698e-01
3.444284743274019650e-02 7.770940017348055839e-01
3.437834771844667375e-02 7.772792898689947494e-01
3.431384800415315794e-02 7.774647419578003538e-01
3.424934828985963520e-02 7.776503581223820349e-01
3.418484857556611245e-02 7.778361384839791448e-01
3.412034886127258970e-02 7.780220831639081958e-01
3.405584914697906695e-02 7.782081922835651921e-01
3.399134943268555115e-02 7.783944659644237429e-01
3.392684971839202840e-02 7.785809043280361719e-01
3.386235000409851259e-02 7.787675074960330734e-01
3.379785028980498984e-02 7.789542755901242010e-01
3.373335057551146710e-02 7.791412087320970237e-01
3.366885086121794435e-02 7.793283070438187243e-01
3.360435114692442160e-02 7.795155706472343127e-01
3.353985143263089885e-02 7.797029996643679572e-01
3.347535171833738304e-02 7.798905942173230965e-01
3.341085200404386030e-02 7.800783544282808846e-01
3.334635228975034449e-02 7.802662804195027446e-01
3.328185257545682174e-02 7.804543723133283706e-01
3.321735286116329899e-02 7.806426302321768373e-01
3.315285314686977625e-02 7.808310542985461566e-01
3.308835343257625350e-02 7.810196446350133881e-01
3.302385371828273769e-02 7.812084013642348612e-01
3.295935400398921494e-02 7.813973246089463975e-01
3.289485428969569220e-02 7.815864144919630885e-01
3.283035457540216945e-02 7.817756711361798505e-01
3.276585486110865364e-02 7.819650946645702039e-01
3.270135514681513089e-02 7.821546852001874939e-01
3.263685543252160814e-02 7.823444428661651129e-01
3.257235571822808540e-02 7.825343677857151681e-01
3.250785600393456959e-02 7.827244600821301468e-01
3.244335628964104684e-02 7.829147198787822504e-01
3.237885657534752409e-02 7.831051472991233942e-01
3.231435686105400135e-02 7.832957424666846524e-01
3.224985714676048554e-02 7.834865055050784788e-01
3.218535743246696279e-02 7.836774365379959306e-01
3.212085771817344004e-02 7.838685356892085565e-01
3.205635800387991730e-02 7.840598030825679521e-01
3.199185828958640149e-02 7.842512388420060931e-01
3.192735857529287874e-02 7.844428430915350026e-01
3.186285886099935599e-02 7.846346159552463062e-01
3.179835914670583324e-02 7.848265575573131203e-01
3.173385943241231744e-02 7.850186680219878310e-01
3.166935971811879469e-02 7.852109474736042039e-01
3.160486000382527194e-02 7.854033960365754963e-01
3.154036028953174919e-02 7.855960138353961231e-01
3.147586057523823339e-02 7.857888009946411012e-01
3.141136086094471064e-02 7.859817576389653837e-01
3.134686114665118789e-02 7.861748838931058581e-01
3.128236143235767208e-02 7.863681798818789037e-01
3.121786171806414933e-02 7.865616457301823905e-01
3.115336200377062659e-02 7.867552815629952345e-01
3.108886228947710384e-02 7.869490875053766210e-01
3.102436257518358803e-02 7.871430636824670035e-01
3.095986286089006528e-02 7.873372102194885480e-01
3.089536314659654254e-02 7.875315272417431345e-01
3.083086343230301979e-02 7.877260148746153545e-01
3.076636371800950398e-02 7.879206732435692917e-01
3.070186400371598123e-02 7.881155024741521853e-01
3.063736428942245849e-02 7.883105026919910996e-01
3.057286457512893574e-02 7.885056740227951444e-01
3.050836486083541993e-02 7.887010165923551419e-01
3.044386514654189718e-02 7.888965305265424055e-01
3.037936543224837443e-02 7.890922159513108491e-01
3.031486571795485169e-02 7.892880729926956551e-01
3.025036600366133588e-02 7.894841017768132740e-01
3.018586628936781313e-02 7.896803024298628682e-01
3.012136657507429038e-02 7.898766750781240908e-01
3.005686686078076764e-02 7.900732198479594182e-01
2.999236714648725183e-02 7.902699368658130386e-01
2.992786743219372908e-02 7.904668262582104088e-01
2.986336771790020633e-02 7.906638881517608075e-01
2.979886800360668359e-02 7.908611226731532273e-01
2.973436828931316778e-02 7.910585299491602607e-01
2.966986857501964503e-02 7.912561101066367675e-01
2.960536886072612228e-02 7.914538632725190981e-01
2.954086914643259953e-02 7.916517895738263144e-01
2.947636943213908373e-02 7.918498891376600790e-01
2.941186971784556098e-02 7.920481620912039888e-01
2.934737000355203823e-02 7.922466085617243525e-01
2.928287028925851548e-02 7.924452286765705233e-01
2.921837057496499968e-02 7.926440225631734560e-01
2.915387086067147693e-02 7.928429903490477049e-01
2.908937114637795418e-02 7.930421321617896480e-01
2.902487143208443143e-02 7.932414481290797070e-01
2.896037171779091562e-02 7.934409383786795722e-01
2.889587200349739288e-02 7.936406030384351995e-01
2.883137228920387013e-02 7.938404422362748125e-01
2.876687257491034738e-02 7.940404561002097905e-01
2.870237286061683157e-02 7.942406447583341134e-01
2.863787314632330883e-02 7.944410083388264709e-01
2.857337343202978608e-02 7.946415469699463774e-01
2.850887371773627027e-02 7.948422607800390560e-01
2.844437400344274752e-02 7.950431498975307765e-01
2.837987428914922478e-02 7.952442144509330735e-01
2.831537457485570203e-02 7.954454545688400824e-01
2.825087486056218622e-02 7.956468703799287612e-01
2.818637514626866347e-02 7.958484620129608889e-01
2.812187543197514072e-02 7.960502295967808450e-01
2.805737571768161798e-02 7.962521732603177194e-01
2.799287600338810217e-02 7.964542931325834241e-01
2.792837628909457942e-02 7.966565893426736933e-01
2.786387657480105667e-02 7.968590620197685270e-01
2.779937686050753393e-02 7.970617112931317472e-01
2.773487714621401812e-02 7.972645372921108864e-01
2.767037743192049537e-02 7.974675401461382984e-01
2.760587771762697262e-02 7.976707199847288265e-01
2.754137800333344988e-02 7.978740769374833564e-01
2.747687828903993407e-02 7.980776111340854850e-01
2.741237857474641132e-02 7.982813227043036308e-01
2.734787886045288857e-02 7.984852117779913661e-01
2.728337914615936582e-02 7.986892784850848637e-01
2.721887943186585002e-02 7.988935229556062279e-01
2.715437971757232727e-02 7.990979453196617177e-01
2.708988000327880452e-02 7.993025457074414142e-01
2.702538028898528177e-02 7.995073242492212184e-01
2.696088057469176597e-02 7.997122810753608535e-01
2.689638086039824322e-02 7.999174163163053075e-01
2.683188114610472047e-02 8.001227301025839456e-01
2.676738143181119772e-02 8.003282225648109538e-01
2.670288171751768191e-02 8.005338938336863386e-01
2.663838200322415917e-02 8.007397440399935951e-01
2.657388228893063642e-02 8.009457733146024827e-01
2.650938257463711367e-02 8.011519817884680261e-01
2.644488286034359786e-02 8.013583695926292938e-01
2.638038314605007512e-02 8.015649368582112855e-01
2.631588343175655237e-02 8.017716837164244881e-01
2.625138371746302962e-02 8.019786102985640985e-01
2.618688400316951381e-02 8.021857167360114671e-01
2.612238428887599107e-02 8.023930031602325430e-01
2.605788457458246832e-02 8.026004697027799839e-01
2.599338486028894557e-02 8.028081164952907134e-01
2.592888514599542976e-02 8.030159436694882524e-01
2.586438543170190701e-02 8.032239513571819423e-01
2.579988571740838427e-02 8.034321396902658341e-01
2.573538600311486846e-02 8.036405088007211317e-01
2.567088628882134571e-02 8.038490588206140819e-01
2.560638657452782296e-02 8.040577898820969738e-01
2.554188686023430022e-02 8.042667021174086939e-01
2.547738714594078441e-02 8.044757956588733938e-01
2.541288743164726166e-02 8.046850706389023777e-01
2.534838771735373891e-02 8.048945271899921039e-01
2.528388800306021617e-02 8.051041654447259610e-01
2.521938828876670036e-02 8.053139855357734911e-01
2.515488857447317761e-02 8.055239875958907225e-01
2.509038886017965486e-02 8.057341717579201701e-01
2.502588914588613211e-02 8.059445381547903908e-01
2.496138943159261631e-02 8.061550869195173163e-01
2.489688971729909356e-02 8.063658181852028095e-01
2.483239000300557081e-02 8.065767320850361077e-01
2.476789028871204806e-02 8.067878287522922687e-01
2.470339057441853226e-02 8.069991083203345017e-01
2.463889086012500951e-02 8.072105709226117254e-01
2.457439114583148676e-02 8.074222166926601219e-01
2.450989143153796401e-02 8.076340457641034698e-01
2.444539171724444820e-02 8.078460582706518123e-01
2.438089200295092546e-02 8.080582543461030109e-01
2.431639228865740271e-02 8.082706341243418580e-01
2.425189257436387996e-02 8.084831977393400759e-01
2.418739286007036415e-02 8.086959453251573171e-01
2.412289314577684141e-02 8.089088770159403863e-01
2.405839343148331866e-02 8.091219929459232407e-01
2.399389371718979591e-02 8.093352932494279894e-01
2.392939400289628010e-02 8.095487780608631168e-01
2.386489428860275736e-02 8.097624475147268130e-01
2.380039457430923461e-02 8.099763017456027558e-01
2.373589486001571186e-02 8.101903408881641067e-01
2.367139514572219605e-02 8.104045650771704024e-01
2.360689543142867330e-02 8.106189744474704417e-01
2.354239571713515056e-02 8.108335691340001761e-01
2.347789600284162781e-02 8.110483492717834864e-01
2.341339628854811200e-02 8.112633149959328493e-01
2.334889657425458925e-02 8.114784664416488935e-01
2.328439685996106651e-02 8.116938037442197329e-01
2.321989714566754376e-02 8.119093270390225214e-01
2.315539743137402795e-02 8.121250364615221207e-01
2.309089771708050520e-02 8.123409321472728761e-01
2.302639800278698246e-02 8.125570142319161748e-01
2.296189828849346665e-02 8.127732828511828878e-01
2.289739857419994390e-02 8.129897381408923707e-01
2.283289885990642115e-02 8.132063802369517980e-01
2.276839914561289840e-02 8.134232092753587162e-01
2.270389943131938260e-02 8.136402253921979355e-01
2.263939971702585985e-02 8.138574287236435278e-01
2.257490000273233710e-02 8.140748194059588272e-01
2.251040028843881435e-02 8.142923975754960964e-01
2.244590057414529854e-02 8.145101633686963050e-01
2.238140085985177580e-02 8.147281169220894625e-01
2.231690114555825305e-02 8.149462583722953957e-01
2.225240143126473030e-02 8.151645878560225267e-01
2.218790171697121449e-02 8.153831055100683178e-01
2.212340200267769175e-02 8.156018114713210476e-01
2.205890228838416900e-02 8.158207058767568132e-01
2.199440257409064625e-02 8.160397888634416397e-01
2.192990285979713044e-02 8.162590605685318135e-01
2.186540314550360770e-02 8.164785211292724387e-01
2.180090343121008495e-02 8.166981706829984367e-01
2.173640371691656220e-02 8.169180093671349896e-01
2.167190400262304639e-02 8.171380373191960977e-01
2.160740428832952365e-02 8.173582546767866885e-01
2.154290457403600090e-02 8.175786615776015065e-01
2.147840485974247815e-02 8.177992581594241139e-01
2.141390514544896234e-02 8.180200445601299997e-01
2.134940543115543959e-02 8.182410209176828042e-01
2.128490571686191685e-02 8.184621873701380945e-01
2.122040600256839410e-02 8.186835440556408106e-01
2.115590628827487829e-02 8.189050911124263754e-01
2.109140657398135554e-02 8.191268286788206954e-01
2.102690685968783280e-02 8.193487568932396048e-01
2.096240714539431005e-02 8.195708758941905314e-01
2.089790743110079424e-02 8.197931858202703870e-01
2.083340771680727149e-02 8.200156868101676766e-01
2.076890800251374875e-02 8.202383790026608335e-01
2.070440828822022600e-02 8.204612625366199952e-01
2.063990857392671019e-02 8.206843375510045613e-01
2.057540885963318744e-02 8.209076041848668570e-01
2.051090914533966469e-02 8.211310625773486915e-01
2.044640943104614195e-02 8.213547128676836895e-01
2.038190971675262614e-02 8.215785551951964027e-01
2.031741000245910339e-02 8.218025896993021995e-01
2.025291028816558064e-02 8.220268165195083743e-01
2.018841057387206483e-02 8.222512357954125939e-01
2.012391085957854209e-02 8.224758476667051177e-01
2.005941114528501934e-02 8.227006522731669103e-01
1.999491143099149659e-02 8.229256497546700855e-01
1.993041171669798078e-02 8.231508402511791278e-01
1.986591200240445804e-02 8.233762239027497820e-01
1.980141228811093529e-02 8.236018008495293863e-01
1.973691257381741254e-02 8.238275712317576494e-01
1.967241285952389673e-02 8.240535351897652072e-01
1.960791314523037399e-02 8.242796928639755105e-01
1.954341343093685124e-02 8.245060443949031592e-01
1.947891371664332849e-02 8.247325899231556789e-01
1.941441400234981268e-02 8.249593295894317446e-01
1.934991428805628993e-02 8.251862635345228458e-01
1.928541457376276719e-02 8.254133918993128427e-01
1.922091485946924444e-02 8.256407148247772998e-01
1.915641514517572863e-02 8.258682324519843743e-01
1.909191543088220588e-02 8.260959449220950379e-01
1.902741571658868314e-02 8.263238523763623000e-01
1.896291600229516039e-02 8.265519549561319845e-01
1.889841628800164458e-02 8.267802528028428410e-01
1.883391657370812183e-02 8.270087460580254346e-01
1.876941685941459909e-02 8.272374348633041441e-01
1.870491714512107634e-02 8.274663193603953859e-01
1.864041743082756053e-02 8.276953996911093903e-01
1.857591771653403778e-02 8.279246759973479808e-01
1.851141800224051503e-02 8.281541484211073501e-01
1.844691828794699229e-02 8.283838171044761722e-01
1.838241857365347648e-02 8.286136821896367133e-01
1.831791885935995373e-02 8.288437438188638318e-01
1.825341914506643098e-02 8.290740021345262001e-01
1.818891943077290824e-02 8.293044572790858604e-01
1.812441971647939243e-02 8.295351093950981136e-01
1.805992000218586968e-02 8.297659586252119635e-01
1.799542028789234693e-02 8.299970051121697834e-01
1.793092057359882419e-02 8.302282489988076497e-01
1.786642085930530838e-02 8.304596904280554526e-01
1.780192114501178563e-02 8.306913295429372290e-01
1.773742143071826288e-02 8.309231664865702749e-01
1.767292171642474014e-02 8.311552014021659218e-01
1.760842200213122433e-02 8.313874344330295374e-01
1.754392228783770158e-02 8.316198657225608581e-01
1.747942257354417883e-02 8.318524954142535455e-01
1.741492285925066302e-02 8.320853236516954077e-01
1.735042314495714028e-02 8.323183505785680669e-01
1.728592343066361753e-02 8.325515763386489576e-01
1.722142371637009478e-02 8.327850010758081067e-01
1.715692400207657897e-02 8.330186249340112425e-01
1.709242428778305622e-02 8.332524480573181291e-01
1.702792457348953348e-02 8.334864705898832327e-01
1.696342485919601073e-02 8.337206926759556103e-01
1.689892514490249492e-02 8.339551144598793542e-01
1.683442543060897217e-02 8.341897360860932586e-01
1.676992571631544943e-02 8.344245576991308200e-01
1.670542600202192668e-02 8.346595794436204585e-01
1.664092628772841087e-02 8.348948014642860738e-01
1.657642657343488812e-02 8.351302239059461563e-01
1.651192685914136538e-02 8.353658469135145648e-01
1.644742714484784263e-02 8.356016706320006371e-01
1.638292743055432682e-02 8.358376952065084131e-01
1.631842771626080407e-02 8.360739207822380781e-01
1.625392800196728132e-02 8.363103475044847412e-01
1.618942828767375858e-02 8.365469755186385470e-01
1.612492857338024277e-02 8.367838049701864511e-01
1.606042885908672002e-02 8.370208360047100005e-01
1.599592914479319727e-02 8.372580687678872202e-01
1.593142943049967453e-02 8.374955034054915037e-01
1.586692971620615872e-02 8.377331400633919456e-01
1.580243000191263597e-02 8.379709788875537857e-01
1.573793028761911322e-02 8.382090200240385203e-01
1.567343057332559048e-02 8.384472636190033468e-01
1.560893085903207467e-02 8.386857098187014969e-01
1.554443114473855192e-02 8.389243587694827919e-01
1.547993143044502917e-02 8.391632106177933093e-01
1.541543171615150642e-02 8.394022655101753827e-01
1.535093200185799062e-02 8.396415235932671584e-01
1.528643228756446787e-02 8.398809850138043709e-01
1.522193257327094512e-02 8.401206499186187893e-01
1.515743285897742237e-02 8.403605184546383278e-01
1.509293314468390657e-02 8.406005907688883783e-01
1.502843343039038382e-02 8.408408670084908110e-01
1.496393371609686107e-02 8.410813473206644186e-01
1.489943400180333832e-02 8.413220318527245833e-01
1.483493428750982251e-02 8.415629207520840538e-01
1.477043457321629977e-02 8.418040141662521680e-01
1.470593485892277702e-02 8.420453122428359638e-01
1.464143514462926121e-02 8.422868151295396233e-01
1.457693543033573846e-02 8.425285229741636961e-01
1.451243571604221572e-02 8.427704359246076526e-01
1.444793600174869297e-02 8.430125541288667756e-01
1.438343628745517716e-02 8.432548777350344915e-01
1.431893657316165441e-02 8.434974068913022593e-01
1.425443685886813167e-02 8.437401417459585717e-01
1.418993714457460892e-02 8.439830824473895099e-01
1.412543743028109311e-02 8.442262291440796318e-01
1.406093771598757036e-02 8.444695819846104179e-01
1.399643800169404761e-02 8.447131411176619364e-01
1.393193828740052487e-02 8.449569066920118443e-01
1.386743857310700906e-02 8.452008788565360531e-01
1.380293885881348631e-02 8.454450577602088401e-01
1.373843914451996356e-02 8.456894435521018494e-01
1.367393943022644082e-02 8.459340363813858676e-01
1.360943971593292501e-02 8.461788363973296034e-01
1.354494000163940226e-02 8.464238437493002420e-01
1.348044028734587951e-02 8.466690585867637786e-01
1.341594057305235677e-02 8.469144810592841299e-01
1.335144085875884096e-02 8.471601113165239116e-01
1.328694114446531821e-02 8.474059495082453264e-01
1.322244143017179546e-02 8.476519957843083874e-01
1.315794171587827271e-02 8.478982502946721400e-01
1.309344200158475691e-02 8.481447131893945501e-01
1.302894228729123416e-02 8.483913846186332819e-01
1.296444257299771141e-02 8.486382647326441431e-01
1.289994285870418866e-02 8.488853536817820844e-01
1.283544314441067286e-02 8.491326516165021987e-01
1.277094343011715011e-02 8.493801586873579446e-01
1.270644371582362736e-02 8.496278750450025896e-01
1.264194400153010461e-02 8.498758008401885444e-01
1.257744428723658880e-02 8.501239362237673625e-01
1.251294457294306606e-02 8.503722813466915165e-01
1.244844485864954331e-02 8.506208363600119560e-01
1.238394514435602056e-02 8.508696014148793285e-01
1.231944543006250475e-02 8.511185766625448679e-01
1.225494571576898201e-02 8.513677622543587287e-01
1.219044600147545926e-02 8.516171583417717628e-01
1.212594628718194345e-02 8.518667650763346311e-01
1.206144657288842070e-02 8.521165826096975815e-01
1.199694685859489796e-02 8.523666110936116702e-01
1.193244714430137521e-02 8.526168506799279845e-01
1.186794743000785940e-02 8.528673015205977537e-01
1.180344771571433665e-02 8.531179637676726824e-01
1.173894800142081390e-02 8.533688375733048392e-01
1.167444828712729116e-02 8.536199230897474344e-01
1.160994857283377535e-02 8.538712204693530428e-01
1.154544885854025260e-02 8.541227298645763799e-01
1.148094914424672985e-02 8.543744514279714153e-01
1.141644942995320711e-02 8.546263853121937037e-01
1.135194971565969130e-02 8.548785316700003856e-01
1.128745000136616855e-02 8.551308906542481880e-01
1.122295028707264580e-02 8.553834624178959789e-01
1.115845057277912306e-02 8.556362471140026571e-01
1.109395085848560725e-02 8.558892448957298171e-01
1.102945114419208450e-02 8.561424559163389736e-01
1.096495142989856175e-02 8.563958803291933375e-01
1.090045171560503900e-02 8.566495182877580383e-01
1.083595200131152320e-02 8.569033699455990138e-01
1.077145228701800045e-02 8.571574354563844533e-01
1.070695257272447770e-02 8.574117149738837984e-01
1.064245285843095495e-02 8.576662086519674100e-01
1.057795314413743915e-02 8.579209166446092327e-01
1.051345342984391640e-02 8.581758391058835755e-01
1.044895371555039365e-02 8.584309761899674429e-01
1.038445400125687090e-02 8.586863280511394247e-01
1.031995428696335509e-02 8.589418948437803625e-01
1.025545457266983235e-02 8.591976767223734601e-01
1.019095485837630960e-02 8.594536738415039512e-01
1.012645514408278685e-02 8.597098863558590987e-01
1.006195542978927104e-02 8.599663144202290832e-01
9.997455715495748296e-03 8.602229581895065591e-01
9.932956001202225549e-03 8.604798178186863211e-01
9.868456286908702801e-03 8.607368934628659707e-01
9.803956572615186993e-03 8.609941852772454718e-01
9.739456858321664245e-03 8.612516934171283722e-01
9.674957144028141498e-03 8.615094180379203603e-01
9.610457429734618751e-03 8.617673592951299311e-01
9.545957715441102942e-03 8.620255173443694963e-01
9.481458001147580195e-03 8.622838923413536083e-01
9.416958286854057447e-03 8.625424844419002923e-01
9.352458572560541639e-03 8.628012938019311573e-01
9.287958858267018891e-03 8.630603205774697306e-01
9.223459143973496144e-03 8.633195649246453440e-01
9.158959429679973396e-03 8.635790269996885815e-01
9.094459715386457588e-03 8.638387069589339440e-01
9.029960001092934840e-03 8.640986049588208484e-01
8.965460286799412093e-03 8.643587211558907413e-01
8.900960572505889346e-03 8.646190557067902072e-01
8.836460858212373537e-03 8.648796087682687483e-01
8.771961143918850790e-03 8.651403804971797840e-01
8.707461429625328042e-03 8.654013710504814272e-01
8.642961715331805295e-03 8.656625805852352640e-01
8.578462001038289486e-03 8.659240092586069082e-01
8.513962286744766739e-03 8.661856572278673339e-01
8.449462572451243991e-03 8.664475246503897665e-01
8.384962858157721244e-03 8.667096116836537911e-01
8.320463143864205435e-03 8.669719184852423544e-01
8.255963429570682688e-03 8.672344452128432080e-01
8.191463715277159940e-03 8.674971920242490198e-01
8.126964000983637193e-03 8.677601590773564855e-01
8.062464286690121384e-03 8.680233465301676610e-01
7.997964572396598637e-03 8.682867545407885190e-01
7.933464858103075890e-03 8.685503832674315028e-01
7.868965143809553142e-03 8.688142328684131943e-01
7.804465429516037334e-03 8.690783035021542036e-01
7.739965715222514586e-03 8.693425953271821660e-01
7.675466000928991839e-03 8.696071085021287450e-01
7.610966286635469091e-03 8.698718431857314082e-01
7.546466572341953283e-03 8.701367995368325392e-01
7.481966858048430535e-03 8.704019777143805481e-01
7.417467143754907788e-03 8.706673778774290939e-01
7.352967429461385040e-03 8.709330001851374181e-01
7.288467715167869232e-03 8.711988447967703442e-01
7.223968000874346485e-03 8.714649118716989440e-01
7.159468286580823737e-03 8.717312015693994276e-01
7.094968572287300990e-03 8.719977140494548085e-01
7.030468857993785181e-03 8.722644494715532382e-01
6.965969143700262434e-03 8.725314079954892277e-01
6.901469429406739686e-03 8.727985897811639804e-01
6.836969715113216939e-03 8.730659949885847260e-01
6.772470000819701130e-03 8.733336237778643873e-01
6.707970286526178383e-03 8.736014763092225799e-01
6.643470572232655635e-03 8.738695527429857224e-01
6.578970857939139827e-03 8.741378532395869261e-01
6.514471143645617079e-03 8.744063779595655506e-01
6.449971429352094332e-03 8.746751270635670927e-01
6.385471715058571585e-03 8.749441007123455183e-01
6.320972000765055776e-03 8.752132990667595980e-01
6.256472286471533029e-03 8.754827222877773485e-01
6.191972572178010281e-03 8.757523705364715916e-01
6.127472857884487534e-03 8.760222439740236178e-01
6.062973143590971725e-03 8.762923427617215211e-01
5.998473429297448978e-03 8.765626670609607540e-01
5.933973715003926230e-03 8.768332170332443498e-01
5.869474000710403483e-03 8.771039928401818120e-01
5.804974286416887674e-03 8.773749946434914460e-01
5.740474572123364927e-03 8.776462226049983606e-01
5.675974857829842180e-03 8.779176768866353564e-01
5.611475143536319432e-03 8.781893576504434806e-01
5.546975429242803624e-03 8.784612650585711391e-01
5.482475714949280876e-03 8.787333992732749843e-01
5.417976000655758129e-03 8.790057604569188054e-01
5.353476286362235381e-03 8.792783487719759705e-01
5.288976572068719573e-03 8.795511643810268732e-01
5.224476857775196825e-03 8.798242074467602647e-01
5.159977143481674078e-03 8.800974781319733653e-01
5.095477429188151330e-03 8.803709765995723080e-01
5.030977714894635522e-03 8.806447030125710285e-01
4.966478000601112774e-03 8.809186575340915981e-01
4.901978286307590027e-03 8.811928403273660004e-01
4.837478572014067280e-03 8.814672515557341326e-01
4.772978857720551471e-03 8.817418913826445825e-01
4.708479143427028724e-03 8.820167599716552953e-01
4.643979429133505976e-03 8.822918574864329067e-01
4.579479714839983229e-03 8.825671840907528543e-01
4.514980000546467420e-03 8.828427399485004878e-01
4.450480286252944673e-03 8.831185252236696259e-01
4.385980571959421925e-03 8.833945400803636661e-01
4.321480857665899178e-03 8.836707846827950297e-01
4.256981143372383369e-03 8.839472591952862723e-01
4.192481429078860622e-03 8.842239637822687515e-01
4.127981714785337874e-03 8.845008986082837366e-01
4.063482000491815127e-03 8.847780638379825202e-01
3.998982286198299319e-03 8.850554596361254189e-01
3.934482571904776571e-03 8.853330861675838825e-01
3.869982857611253824e-03 8.856109435973380517e-01
3.805483143317738015e-03 8.858890320904779792e-01
3.740983429024215268e-03 8.861673518122051840e-01
3.676483714730692520e-03 8.864459029278302094e-01
3.611984000437169773e-03 8.867246856027741764e-01
3.547484286143653964e-03 8.870037000025685625e-01
3.482984571850131217e-03 8.872829462928553124e-01
3.418484857556608469e-03 8.875624246393873928e-01
3.353985143263085722e-03 8.878421352080269058e-01
3.289485428969569913e-03 8.881220781647485296e-01
3.224985714676047166e-03 8.884022536756362998e-01
3.160486000382524419e-03 8.886826619068857180e-01
3.095986286089001671e-03 8.889633030248029755e-01
3.031486571795485863e-03 8.892441771958052854e-01
2.966986857501963115e-03 8.895252845864211055e-01
2.902487143208440368e-03 8.898066253632904710e-01
2.837987428914917620e-03 8.900881996931634399e-01
2.773487714621401812e-03 8.903700077429029802e-01
2.708988000327879064e-03 8.906520496794820829e-01
2.644488286034356317e-03 8.909343256699860936e-01
2.579988571740833569e-03 8.912168358816117131e-01
2.515488857447317761e-03 8.914995804816673308e-01
2.450989143153795013e-03 8.917825596375735797e-01
2.386489428860272266e-03 8.920657735168615599e-01
2.321989714566749519e-03 8.923492222871760582e-01
2.257490000273233710e-03 8.926329061162725509e-01
2.192990285979710963e-03 8.929168251720189797e-01
2.128490571686188215e-03 8.932009796223960851e-01
2.063990857392665468e-03 8.934853696354959629e-01
1.999491143099149659e-03 8.937699953795233965e-01
1.934991428805626912e-03 8.940548570227963010e-01
1.870491714512104164e-03 8.943399547337437250e-01
1.805992000218581417e-03 8.946252886809086258e-01
1.741492285925058670e-03 8.949108590329455382e-01
1.676992571631535922e-03 8.951966659586227948e-01
1.612492857338027052e-03 8.954827096268209718e-01
1.547993143044504305e-03 8.957689902065338883e-01
1.483493428750981558e-03 8.960555078668678286e-01
1.418993714457458810e-03 8.963422627770428752e-01
1.354494000163936063e-03 8.966292551063922422e-01
1.289994285870413315e-03 8.969164850243616094e-01
1.225494571576890568e-03 8.972039527005108983e-01
1.160994857283367820e-03 8.974916583045132734e-01
1.096495142989858951e-03 8.977796020061553639e-01
1.031995428696336203e-03 8.980677839753372638e-01
9.674957144028134559e-04 8.983562043820733090e-01
9.029960001092907085e-04 8.986448633964905230e-01
8.384962858157679610e-04 8.989337611888309487e-01
7.739965715222452136e-04 8.992228979294504265e-01
7.094968572287224662e-04 8.995122737888179287e-01
6.449971429352135965e-04 8.998018889375177798e-01
5.804974286416908491e-04 9.000917435462476579e-01
5.159977143481681017e-04 9.003818377858197053e-01
4.514980000546453542e-04 9.006721718271609722e-01
3.869982857611226068e-04 9.009627458413123069e-01
3.224985714675998594e-04 9.012535599994297986e-01
2.579988571740771119e-04 9.015446144727833344e-01
1.934991428805543645e-04 9.018359094327580427e-01
1.289994285870454949e-04 9.021274450508540710e-01
6.449971429352274743e-05 9.024192214986862526e-01
0.000000000000000000e+00 9.027112389479842181e-01
