6.443521457922744833e-02 6.862591404701267050e-01
6.437071486493392558e-02 6.864521199800309725e-01
6.430621515064040283e-02 6.866451589212619888e-01
6.424171543634688009e-02 6.868382573172541194e-01
6.417721572205337122e-02 6.870314151914536094e-01
6.411271600775984847e-02 6.872246325673191381e-01
6.404821629346632572e-02 6.874179094683211533e-01
6.398371657917280297e-02 6.876112459179426484e-01
6.391921686487928023e-02 6.878046419396782740e-01
6.385471715058575748e-02 6.879980975570345603e-01
6.379021743629223473e-02 6.881916127935312488e-01
6.372571772199871198e-02 6.883851876726991836e-01
6.366121800770520311e-02 6.885788222180817542e-01
6.359671829341168037e-02 6.887725164532347844e-01
6.353221857911815762e-02 6.889662704017250894e-01
6.346771886482463487e-02 6.891600840871332512e-01
6.340321915053111212e-02 6.893539575330508429e-01
6.333871943623758938e-02 6.895478907630824272e-01
6.327421972194406663e-02 6.897418838008442243e-01
6.320972000765054388e-02 6.899359366699645557e-01
6.314522029335703501e-02 6.901300493940845104e-01
6.308072057906351227e-02 6.903242219968569460e-01
6.301622086476998952e-02 6.905184545019469322e-01
6.295172115047646677e-02 6.907127469330321956e-01
6.288722143618294402e-02 6.909070993138018979e-01
6.282272172188942128e-02 6.911015116679586345e-01
6.275822200759589853e-02 6.912959840192158811e-01
6.269372229330237578e-02 6.914905163913006581e-01
6.262922257900886691e-02 6.916851088079513099e-01
6.256472286471534416e-02 6.918797612929189489e-01
6.250022315042182142e-02 6.920744738699666776e-01
6.243572343612829867e-02 6.922692465628701441e-01
6.237122372183477592e-02 6.924640793954173201e-01
6.230672400754125317e-02 6.926589723914082786e-01
6.224222429324773737e-02 6.928539255746553049e-01
6.217772457895421462e-02 6.930489389689832302e-01
6.211322486466069187e-02 6.932440125982296530e-01
6.204872515036716912e-02 6.934391464862431631e-01
6.198422543607365331e-02 6.936343406568865610e-01
6.191972572178013057e-02 6.938295951340333056e-01
6.185522600748660782e-02 6.940249099415702894e-01
6.179072629319308507e-02 6.942202851033962840e-01
6.172622657889956926e-02 6.944157206434223850e-01
6.166172686460604652e-02 6.946112165855724552e-01
6.159722715031252377e-02 6.948067729537826809e-01
6.153272743601900796e-02 6.950023897720015720e-01
6.146822772172548521e-02 6.951980670641897397e-01
6.140372800743196247e-02 6.953938048543204520e-01
6.133922829313843972e-02 6.955896031663799661e-01
6.127472857884492391e-02 6.957854620243657529e-01
6.121022886455140116e-02 6.959813814522888276e-01
6.114572915025787841e-02 6.961773614741720850e-01
6.108122943596435567e-02 6.963734021140510766e-01
6.101672972167083986e-02 6.965695033959738991e-01
6.095223000737731711e-02 6.967656653440010839e-01
6.088773029308379436e-02 6.969618879822052637e-01
6.082323057879027162e-02 6.971581713346720610e-01
6.075873086449675581e-02 6.973545154254995326e-01
6.069423115020323306e-02 6.975509202787979479e-01
6.062973143590971031e-02 6.977473859186903438e-01
6.056523172161618757e-02 6.979439123693120806e-01
6.050073200732267176e-02 6.981404996548112862e-01
6.043623229302914901e-02 6.983371477993483012e-01
6.037173257873562626e-02 6.985338568270970105e-01
6.030723286444210351e-02 6.987306267622419576e-01
6.024273315014858771e-02 6.989274576289821184e-01
6.017823343585506496e-02 6.991243494515282375e-01
6.011373372156154221e-02 6.993213022541032720e-01
6.004923400726801946e-02 6.995183160609438344e-01
5.998473429297450366e-02 6.997153908962979729e-01
5.992023457868098091e-02 6.999125267844269471e-01
5.985573486438745816e-02 7.001097237496046732e-01
5.979123515009393541e-02 7.003069818161176130e-01
5.972673543580041960e-02 7.005043010082646626e-01
5.966223572150689686e-02 7.007016813503573749e-01
5.959773600721337411e-02 7.008991228667204032e-01
5.953323629291985830e-02 7.010966255816905024e-01
5.946873657862633555e-02 7.012941895196173059e-01
5.940423686433281281e-02 7.014918147048633257e-01
5.933973715003929006e-02 7.016895011618036193e-01
5.927523743574576731e-02 7.018872489148253457e-01
5.921073772145225150e-02 7.020850579883293197e-01
5.914623800715872876e-02 7.022829284067284572e-01
5.908173829286520601e-02 7.024808601944486641e-01
5.901723857857169020e-02 7.026788533759282807e-01
5.895273886427816745e-02 7.028769079756186366e-01
5.888823914998464470e-02 7.030750240179839405e-01
5.882373943569112196e-02 7.032732015275003912e-01
5.875923972139759921e-02 7.034714405286578431e-01
5.869474000710408340e-02 7.036697410459583635e-01
5.863024029281056065e-02 7.038681031039171199e-01
5.856574057851703791e-02 7.040665267270619365e-01
5.850124086422352210e-02 7.042650119399329611e-01
5.843674114992999935e-02 7.044635587670841081e-01
5.837224143563647660e-02 7.046621672330811714e-01
5.830774172134295386e-02 7.048608373625032675e-01
5.824324200704943111e-02 7.050595691799419473e-01
5.817874229275591530e-02 7.052583627100025288e-01
5.811424257846239255e-02 7.054572179773013207e-01
5.804974286416886980e-02 7.056561350064699534e-01
5.798524314987535400e-02 7.058551138221507149e-01
5.792074343558183125e-02 7.060541544489997712e-01
5.785624372128830850e-02 7.062532569116862780e-01
5.779174400699478575e-02 7.064524212348914922e-01
5.772724429270126995e-02 7.066516474433106598e-01
5.766274457840774720e-02 7.068509355616511280e-01
5.759824486411422445e-02 7.070502856146329007e-01
5.753374514982070170e-02 7.072496976269899704e-01
5.746924543552718589e-02 7.074491716234683203e-01
5.740474572123366315e-02 7.076487076288272560e-01
5.734024600694014040e-02 7.078483056678390728e-01
5.727574629264661765e-02 7.080479657652885006e-01
5.721124657835310184e-02 7.082476879459737029e-01
5.714674686405957910e-02 7.084474722347057218e-01
5.708224714976605635e-02 7.086473186563088111e-01
5.701774743547253360e-02 7.088472272356195480e-01
5.695324772117901779e-02 7.090471979974878325e-01
5.688874800688549505e-02 7.092472309667771091e-01
5.682424829259197230e-02 7.094473261683628129e-01
5.675974857829844955e-02 7.096474836271341458e-01
5.669524886400493374e-02 7.098477033679929660e-01
5.663074914971141099e-02 7.100479854158544546e-01
5.656624943541788825e-02 7.102483297956464492e-01
5.650174972112437244e-02 7.104487365323102210e-01
5.643725000683084969e-02 7.106492056507999200e-01
5.637275029253732694e-02 7.108497371760827965e-01
5.630825057824380420e-02 7.110503311331385357e-01
5.624375086395028145e-02 7.112509875469615883e-01
5.617925114965676564e-02 7.114517064425576187e-01
5.611475143536324289e-02 7.116524878449460578e-01
5.605025172106972015e-02 7.118533317791604365e-01
5.598575200677620434e-02 7.120542382702454987e-01
5.592125229248268159e-02 7.122552073432608655e-01
5.585675257818915884e-02 7.124562390232783704e-01
5.579225286389563609e-02 7.126573333353830586e-01
5.572775314960211335e-02 7.128584903046735199e-01
5.566325343530859754e-02 7.130597099562606678e-01
5.559875372101507479e-02 7.132609923152698483e-01
5.553425400672155204e-02 7.134623374068383983e-01
5.546975429242803624e-02 7.136637452561176431e-01
5.540525457813451349e-02 7.138652158882714538e-01
5.534075486384099074e-02 7.140667493284774681e-01
5.527625514954746799e-02 7.142683456019263133e-01
5.521175543525394525e-02 7.144700047338216065e-01
5.514725572096042944e-02 7.146717267493802872e-01
5.508275600666690669e-02 7.148735116738331730e-01
5.501825629237338394e-02 7.150753595324234047e-01
5.495375657807986813e-02 7.152772703504077789e-01
5.488925686378634539e-02 7.154792441530564151e-01
5.482475714949282264e-02 7.156812809656525332e-01
5.476025743519929989e-02 7.158833808134928978e-01
5.469575772090578408e-02 7.160855437218872632e-01
5.463125800661226134e-02 7.162877697161587065e-01
5.456675829231873859e-02 7.164900588216440713e-01
5.450225857802522278e-02 7.166924110636926359e-01
5.443775886373170003e-02 7.168948264676678894e-01
5.437325914943817728e-02 7.170973050589461995e-01
5.430875943514465454e-02 7.172998468629171454e-01
5.424425972085113179e-02 7.175024519049840732e-01
5.417976000655761598e-02 7.177051202105636518e-01
5.411526029226409323e-02 7.179078518050854285e-01
5.405076057797057049e-02 7.181106467139927174e-01
5.398626086367705468e-02 7.183135049627420443e-01
5.392176114938353193e-02 7.185164265768035907e-01
5.385726143509000918e-02 7.187194115816605278e-01
5.379276172079648644e-02 7.189224600028100154e-01
5.372826200650296369e-02 7.191255718657622031e-01
5.366376229220944788e-02 7.193287471960403412e-01
5.359926257791592513e-02 7.195319860191818906e-01
5.353476286362240238e-02 7.197352883607374130e-01
5.347026314932888658e-02 7.199386542462707927e-01
5.340576343503536383e-02 7.201420837013595699e-01
5.334126372074184108e-02 7.203455767515944963e-01
5.327676400644831833e-02 7.205491334225802014e-01
5.321226429215479559e-02 7.207527537399346373e-01
5.314776457786127978e-02 7.209564377292888571e-01
5.308326486356775703e-02 7.211601854162879022e-01
5.301876514927423428e-02 7.213639968265903590e-01
5.295426543498071847e-02 7.215678719858680257e-01
5.288976572068719573e-02 7.217718109198065779e-01
5.282526600639367298e-02 7.219758136541045701e-01
5.276076629210015023e-02 7.221798802144749896e-01
5.269626657780662748e-02 7.223840106266440353e-01
5.263176686351311168e-02 7.225882049163510068e-01
5.256726714921958893e-02 7.227924631093491925e-01
5.250276743492606618e-02 7.229967852314058696e-01
5.243826772063255037e-02 7.232011713083011939e-01
5.237376800633902763e-02 7.234056213658295320e-01
5.230926829204550488e-02 7.236101354297981292e-01
5.224476857775198213e-02 7.238147135260283305e-01
5.218026886345845938e-02 7.240193556803553587e-01
5.211576914916494357e-02 7.242240619186276485e-01
5.205126943487142083e-02 7.244288322667075120e-01
5.198676972057790502e-02 7.246336667504705842e-01
5.192227000628438227e-02 7.248385653958068220e-01
5.185777029199085952e-02 7.250435282286187277e-01
5.179327057769733678e-02 7.252485552748239028e-01
5.172877086340381403e-02 7.254536465603526052e-01
5.166427114911029822e-02 7.256588021111493036e-01
5.159977143481677547e-02 7.258640219531719007e-01
5.153527172052325273e-02 7.260693061123922876e-01
5.147077200622973692e-02 7.262746546147955673e-01
5.140627229193621417e-02 7.264800674863813867e-01
5.134177257764269142e-02 7.266855447531626044e-01
5.127727286334916867e-02 7.268910864411656236e-01
5.121277314905564593e-02 7.270966925764309474e-01
5.114827343476213012e-02 7.273023631850134008e-01
5.108377372046860737e-02 7.275080982929803541e-01
5.101927400617508462e-02 7.277138979264140550e-01
5.095477429188156882e-02 7.279197621114100736e-01
5.089027457758804607e-02 7.281256908740775247e-01
5.082577486329452332e-02 7.283316842405401781e-01
5.076127514900100057e-02 7.285377422369346823e-01
5.069677543470747783e-02 7.287438648894122295e-01
5.063227572041396202e-02 7.289500522241377789e-01
5.056777600612043927e-02 7.291563042672897232e-01
5.050327629182691652e-02 7.293626210450603331e-01
5.043877657753340071e-02 7.295690025836564230e-01
5.037427686323987797e-02 7.297754489092981300e-01
5.030977714894635522e-02 7.299819600482192472e-01
5.024527743465283247e-02 7.301885360266685554e-01
5.018077772035930972e-02 7.303951768709074921e-01
5.011627800606579392e-02 7.306018826072122607e-01
5.005177829177227117e-02 7.308086532618722764e-01
4.998727857747874842e-02 7.310154888611920532e-01
4.992277886318523261e-02 7.312223894314885397e-01
4.985827914889170986e-02 7.314293549990936727e-01
4.979377943459818712e-02 7.316363855903533775e-01
4.972927972030466437e-02 7.318434812316267912e-01
4.966478000601114162e-02 7.320506419492880390e-01
4.960028029171762581e-02 7.322578677697244576e-01
4.953578057742410307e-02 7.324651587193374835e-01
4.947128086313058032e-02 7.326725148245430974e-01
4.940678114883706451e-02 7.328799361117709354e-01
4.934228143454354176e-02 7.330874226074640676e-01
4.927778172025001902e-02 7.332949743380809959e-01
4.921328200595649627e-02 7.335025913300931011e-01
4.914878229166298046e-02 7.337102736099863076e-01
4.908428257736945771e-02 7.339180212042606399e-01
4.901978286307593496e-02 7.341258341394295561e-01
4.895528314878241916e-02 7.343337124420219464e-01
4.889078343448889641e-02 7.345416561385792464e-01
4.882628372019537366e-02 7.347496652556581020e-01
4.876178400590185091e-02 7.349577398198289258e-01
4.869728429160832817e-02 7.351658798576758969e-01
4.863278457731480542e-02 7.353740853957980717e-01
4.856828486302128961e-02 7.355823564608079401e-01
4.850378514872776686e-02 7.357906930793326472e-01
4.843928543443425105e-02 7.359990952780134377e-01
4.837478572014072831e-02 7.362075630835051010e-01
4.831028600584720556e-02 7.364160965224776367e-01
4.824578629155368281e-02 7.366246956216141450e-01
4.818128657726016006e-02 7.368333604076131582e-01
4.811678686296663732e-02 7.370420909071861981e-01
4.805228714867312151e-02 7.372508871470597747e-01
4.798778743437959876e-02 7.374597491539742755e-01
4.792328772008608295e-02 7.376686769546845213e-01
4.785878800579256021e-02 7.378776705759595433e-01
4.779428829149903746e-02 7.380867300445828061e-01
4.772978857720551471e-02 7.382958553873514296e-01
4.766528886291199196e-02 7.385050466310772999e-01
4.760078914861847615e-02 7.387143038025870689e-01
4.753628943432495341e-02 7.389236269287199343e-01
4.747178972003143760e-02 7.391330160363317470e-01
4.740729000573791485e-02 7.393424711522910142e-01
4.734279029144439210e-02 7.395519923034811205e-01
4.727829057715086936e-02 7.397615795167996611e-01
4.721379086285734661e-02 7.399712328191586641e-01
4.714929114856382386e-02 7.401809522374844796e-01
4.708479143427030805e-02 7.403907377987177796e-01
4.702029171997678531e-02 7.406005895298137798e-01
4.695579200568326950e-02 7.408105074577417959e-01
4.689129229138974675e-02 7.410204916094857985e-01
4.682679257709622400e-02 7.412305420120441912e-01
4.676229286280270125e-02 7.414406586924291442e-01
4.669779314850917851e-02 7.416508416776680379e-01
4.663329343421565576e-02 7.418610909948026855e-01
4.656879371992213995e-02 7.420714066708883339e-01
4.650429400562861720e-02 7.422817887329961062e-01
4.643979429133510139e-02 7.424922372082103372e-01
4.637529457704157865e-02 7.427027521236305718e-01
4.631079486274805590e-02 7.429133335063703436e-01
4.624629514845453315e-02 7.431239813835583963e-01
4.618179543416101041e-02 7.433346957823372403e-01
4.611729571986748766e-02 7.435454767298642631e-01
4.605279600557397185e-02 7.437563242533110630e-01
4.598829629128044910e-02 7.439672383798642263e-01
4.592379657698693329e-02 7.441782191367243282e-01
4.585929686269341055e-02 7.443892665511070428e-01
4.579479714839988780e-02 7.446003806502421440e-01
4.573029743410636505e-02 7.448115614613743940e-01
4.566579771981284230e-02 7.450228090117623214e-01
4.560129800551931956e-02 7.452341233286802202e-01
4.553679829122580375e-02 7.454455044394160401e-01
4.547229857693228100e-02 7.456569523712729408e-01
4.540779886263876519e-02 7.458684671515678488e-01
4.534329914834524244e-02 7.460800488076335668e-01
4.527879943405171970e-02 7.462916973668162202e-01
4.521429971975819695e-02 7.465034128564778104e-01
4.514980000546467420e-02 7.467151953039937728e-01
4.508530029117115839e-02 7.469270447367547527e-01
4.502080057687763565e-02 7.471389611821667165e-01
4.495630086258411984e-02 7.473509446676491752e-01
4.489180114829059709e-02 7.475629952206372941e-01
4.482730143399707434e-02 7.477751128685801163e-01
4.476280171970355160e-02 7.479872976389420058e-01
4.469830200541002885e-02 7.481995495592017598e-01
4.463380229111650610e-02 7.484118686568530521e-01
4.456930257682299029e-02 7.486242549594038787e-01
4.450480286252946754e-02 7.488367084943780005e-01
4.444030314823595174e-02 7.490492292893122794e-01
4.437580343394242899e-02 7.492618173717600083e-01
4.431130371964890624e-02 7.494744727692886910e-01
4.424680400535538349e-02 7.496871955094800422e-01
4.418230429106186075e-02 7.498999856199312086e-01
4.411780457676833800e-02 7.501128431282541031e-01
4.405330486247482219e-02 7.503257680620749603e-01
4.398880514818129944e-02 7.505387604490355580e-01
4.392430543388778363e-02 7.507518203167921067e-01
4.385980571959426089e-02 7.509649476930158052e-01
4.379530600530073814e-02 7.511781426053923960e-01
4.373080629100721539e-02 7.513914050816227208e-01
4.366630657671369264e-02 7.516047351494227202e-01
4.360180686242016990e-02 7.518181328365226568e-01
4.353730714812665409e-02 7.520315981706684472e-01
4.347280743383313134e-02 7.522451311796202189e-01
4.340830771953961553e-02 7.524587318911533096e-01
4.334380800524609278e-02 7.526724003330582669e-01
4.327930829095257004e-02 7.528861365331397382e-01
4.321480857665904729e-02 7.530999405192183582e-01
4.315030886236552454e-02 7.533138123191291946e-01
4.308580914807200180e-02 7.535277519607217478e-01
4.302130943377848599e-02 7.537417594718617275e-01
4.295680971948496324e-02 7.539558348804289434e-01
4.289231000519144743e-02 7.541699782143184150e-01
4.282781029089792468e-02 7.543841895014401500e-01
4.276331057660440194e-02 7.545984687697191440e-01
4.269881086231087919e-02 7.548128160470953807e-01
4.263431114801735644e-02 7.550272313615246089e-01
4.256981143372383369e-02 7.552417147409762332e-01
4.250531171943031788e-02 7.554562662134359785e-01
4.244081200513679514e-02 7.556708858069035584e-01
4.237631229084327933e-02 7.558855735493951178e-01
4.231181257654975658e-02 7.561003294689405685e-01
4.224731286225623383e-02 7.563151535935855874e-01
4.218281314796271109e-02 7.565300459513910614e-01
4.211831343366918834e-02 7.567450065704325324e-01
4.205381371937567253e-02 7.569600354788009744e-01
4.198931400508214978e-02 7.571751327046024604e-01
4.192481429078863397e-02 7.573902982759582736e-01
4.186031457649511123e-02 7.576055322210046850e-01
4.179581486220158848e-02 7.578208345678931757e-01
4.173131514790806573e-02 7.580362053447905479e-01
4.166681543361454299e-02 7.582516445798788141e-01
4.160231571932102024e-02 7.584671523013547523e-01
4.153781600502750443e-02 7.586827285374309060e-01
4.147331629073398168e-02 7.588983733163349177e-01
4.140881657644046587e-02 7.591140866663094178e-01
4.134431686214694313e-02 7.593298686156124688e-01
4.127981714785342038e-02 7.595457191925171214e-01
4.121531743355989763e-02 7.597616384253121913e-01
4.115081771926637488e-02 7.599776263423015932e-01
4.108631800497285214e-02 7.601936829718036748e-01
4.102181829067933633e-02 7.604098083421535481e-01
4.095731857638581358e-02 7.606260024817005361e-01
4.089281886209229777e-02 7.608422654188097267e-01
4.082831914779877502e-02 7.610585971818615292e-01
4.076381943350525228e-02 7.612749977992511186e-01
4.069931971921172953e-02 7.614914672993901013e-01
4.063482000491820678e-02 7.617080057107045166e-01
4.057032029062468403e-02 7.619246130616360579e-01
4.050582057633116823e-02 7.621412893806419619e-01
4.044132086203764548e-02 7.623580346961943421e-01
4.037682114774412967e-02 7.625748490367814103e-01
4.031232143345060692e-02 7.627917324309062552e-01
4.024782171915708417e-02 7.630086849070876198e-01
4.018332200486356143e-02 7.632257064938599012e-01
4.011882229057003868e-02 7.634427972197719292e-01
4.005432257627651593e-02 7.636599571133891873e-01
3.998982286198300012e-02 7.638771862032921467e-01
3.992532314768947738e-02 7.640944845180767109e-01
3.986082343339596157e-02 7.643118520863542154e-01
3.979632371910243882e-02 7.645292889367514277e-01
3.973182400480891607e-02 7.647467950979109919e-01
3.966732429051539333e-02 7.649643705984905395e-01
3.960282457622187058e-02 7.651820154671636898e-01
3.953832486192835477e-02 7.653997297326192717e-01
3.947382514763483202e-02 7.656175134235617685e-01
3.940932543334131621e-02 7.658353665687116507e-01
3.934482571904779347e-02 7.660532891968035996e-01
3.928032600475427072e-02 7.662712813365898379e-01
3.921582629046074797e-02 7.664893430168365773e-01
3.915132657616722522e-02 7.667074742663262388e-01
3.908682686187370248e-02 7.669256751138568973e-01
3.902232714758018667e-02 7.671439455882418379e-01
3.895782743328666392e-02 7.673622857183105550e-01
3.889332771899314811e-02 7.675806955329076420e-01
3.882882800469962536e-02 7.677991750608939014e-01
3.876432829040610262e-02 7.680177243311453461e-01
3.869982857611257987e-02 7.682363433725537538e-01
3.863532886181905712e-02 7.684550322140265566e-01
3.857082914752553437e-02 7.686737908844871736e-01
3.850632943323201857e-02 7.688926194128741232e-01
3.844182971893849582e-02 7.691115178281422438e-01
3.837733000464498001e-02 7.693304861592619170e-01
3.831283029035145726e-02 7.695495244352187347e-01
3.824833057605793452e-02 7.697686326850153860e-01
3.818383086176441177e-02 7.699878109376685487e-01
3.811933114747088902e-02 7.702070592222116652e-01
3.805483143317736627e-02 7.704263775676942760e-01
3.799033171888385046e-02 7.706457660031807988e-01
3.792583200459032772e-02 7.708652245577518602e-01
3.786133229029681191e-02 7.710847532605042964e-01
3.779683257600328916e-02 7.713043521405499314e-01
3.773233286170976641e-02 7.715240212270174647e-01
3.766783314741624367e-02 7.717437605490504726e-01
3.760333343312272092e-02 7.719635701358087410e-01
3.753883371882919817e-02 7.721834500164679316e-01
3.747433400453568236e-02 7.724034002202196936e-01
3.740983429024215962e-02 7.726234207762713302e-01
3.734533457594864381e-02 7.728435117138462429e-01
3.728083486165512106e-02 7.730636730621833763e-01
3.721633514736159831e-02 7.732839048505384394e-01
3.715183543306807556e-02 7.735042071081815740e-01
3.708733571877455282e-02 7.737245798644006856e-01
3.702283600448103007e-02 7.739450231484982234e-01
3.695833629018751426e-02 7.741655369897931793e-01
3.689383657589399845e-02 7.743861214176200880e-01
3.682933686160047571e-02 7.746067764613303597e-01
3.676483714730695296e-02 7.748275021502903925e-01
3.670033743301343021e-02 7.750482985138831271e-01
3.663583771871990746e-02 7.752691655815072691e-01
3.657133800442638472e-02 7.754901033825779555e-01
3.650683829013286891e-02 7.757111119465256444e-01
3.644233857583934616e-02 7.759321913027978912e-01
3.637783886154583035e-02 7.761533414808570175e-01
3.631333914725230760e-02 7.763745625101825532e-01
3.624883943295878486e-02 7.765958544202693492e-01
3.618433971866526211e-02 7.768172172406286879e-01
3.611984000437173936e-02 7.770386510007880609e-01
3.605534029007821661e-02 7.772601557302907249e-01
3.599084057578470081e-02 7.774817314586961459e-01
3.592634086149117806e-02 7.777033782155802211e-01
3.586184114719766225e-02 7.779250960305343909e-01
3.579734143290413950e-02 7.781468849331670823e-01
3.573284171861061675e-02 7.783687449531021540e-01
3.566834200431709401e-02 7.785906761199797854e-01
3.560384229002357126e-02 7.788126784634568089e-01
3.553934257573004851e-02 7.790347520132058223e-01
3.547484286143653270e-02 7.792568967989157436e-01
3.541034314714300996e-02 7.794791128502914779e-01
3.534584343284949415e-02 7.797014001970544728e-01
3.528134371855597140e-02 7.799237588689424960e-01
3.521684400426244865e-02 7.801461888957091917e-01
3.515234428996892591e-02 7.803686903071246350e-01
3.508784457567540316e-02 7.805912631329755547e-01
3.502334486138188041e-02 7.808139074030640003e-01
3.495884514708836460e-02 7.810366231472095633e-01
3.489434543279484185e-02 7.812594103952472668e-01
3.482984571850132605e-02 7.814822691770284546e-01
3.476534600420780330e-02 7.817051995224216787e-01
3.470084628991428055e-02 7.819282014613104792e-01
3.463634657562075780e-02 7.821512750235960487e-01
3.457184686132723506e-02 7.823744202391949010e-01
3.450734714703371231e-02 7.825976371380406471e-01
3.444284743274019650e-02 7.828209257500832186e-01
3.437834771844667375e-02 7.830442861052880898e-01
3.431384800415315794e-02 7.832677182336384991e-01
3.424934828985963520e-02 7.834912221651331166e-01
3.418484857556611245e-02 7.837147979297874878e-01
3.412034886127258970e-02 7.839384455576330346e-01
3.405584914697906695e-02 7.841621650787183873e-01
3.399134943268555115e-02 7.843859565231084963e-01
3.392684971839202840e-02 7.846098199208840773e-01
3.386235000409851259e-02 7.848337553021432766e-01
3.379785028980498984e-02 7.850577626969998946e-01
3.373335057551146710e-02 7.852818421355850509e-01
3.366885086121794435e-02 7.855059936480457417e-01
3.360435114692442160e-02 7.857302172645459493e-01
3.353985143263089885e-02 7.859545130152658654e-01
3.347535171833738304e-02 7.861788809304023351e-01
3.341085200404386030e-02 7.864033210401687457e-01
3.334635228975034449e-02 7.866278333747949159e-01
3.328185257545682174e-02 7.868524179645280947e-01
3.321735286116329899e-02 7.870770748396310745e-01
3.315285314686977625e-02 7.873018040303837450e-01
3.308835343257625350e-02 7.875266055670826493e-01
3.302385371828273769e-02 7.877514794800403175e-01
3.295935400398921494e-02 7.879764257995870436e-01
3.289485428969569220e-02 7.882014445560686644e-01
3.283035457540216945e-02 7.884265357798491136e-01
3.276585486110865364e-02 7.886516995013073128e-01
3.270135514681513089e-02 7.888769357508399471e-01
3.263685543252160814e-02 7.891022445588602441e-01
3.257235571822808540e-02 7.893276259557977514e-01
3.250785600393456959e-02 7.895530799720988924e-01
3.244335628964104684e-02 7.897786066382275205e-01
3.237885657534752409e-02 7.900042059846633657e-01
3.231435686105400135e-02 7.902298780419029223e-01
3.224985714676048554e-02 7.904556228404603369e-01
3.218535743246696279e-02 7.906814404108654104e-01
3.212085771817344004e-02 7.909073307836657074e-01
3.205635800387991730e-02 7.911332939894250016e-01
3.199185828958640149e-02 7.913593300587240531e-01
3.192735857529287874e-02 7.915854390221606085e-01
3.186285886099935599e-02 7.918116209103486236e-01
3.179835914670583324e-02 7.920378757539200398e-01
3.173385943241231744e-02 7.922642035835223417e-01
3.166935971811879469e-02 7.924906044298212215e-01
3.160486000382527194e-02 7.927170783234981366e-01
3.154036028953174919e-02 7.929436252952518638e-01
3.147586057523823339e-02 7.931702453757984994e-01
3.141136086094471064e-02 7.933969385958701270e-01
3.134686114665118789e-02 7.936237049862168158e-01
3.128236143235767208e-02 7.938505445776047331e-01
3.121786171806414933e-02 7.940774574008174769e-01
3.115336200377062659e-02 7.943044434866557424e-01
3.108886228947710384e-02 7.945315028659366563e-01
3.102436257518358803e-02 7.947586355694944427e-01
3.095986286089006528e-02 7.949858416281809781e-01
3.089536314659654254e-02 7.952131210728642374e-01
3.083086343230301979e-02 7.954404739344301811e-01
3.076636371800950398e-02 7.956679002437806458e-01
3.070186400371598123e-02 7.958954000318357869e-01
3.063736428942245849e-02 7.961229733295317468e-01
3.057286457512893574e-02 7.963506201678224317e-01
3.050836486083541993e-02 7.965783405776787340e-01
3.044386514654189718e-02 7.968061345900878667e-01
3.037936543224837443e-02 7.970340022360553611e-01
3.031486571795485169e-02 7.972619435466034021e-01
3.025036600366133588e-02 7.974899585527706058e-01
3.018586628936781313e-02 7.977180472856140181e-01
3.012136657507429038e-02 7.979462097762066719e-01
3.005686686078076764e-02 7.981744460556393639e-01
2.999236714648725183e-02 7.984027561550198770e-01
2.992786743219372908e-02 7.986311401054729808e-01
2.986336771790020633e-02 7.988595979381419854e-01
2.979886800360668359e-02 7.990881296841852999e-01
2.973436828931316778e-02 7.993167353747798742e-01
2.966986857501964503e-02 7.995454150411198668e-01
2.960536886072612228e-02 7.997741687144160894e-01
2.954086914643259953e-02 8.000029964258971171e-01
2.947636943213908373e-02 8.002318982068089559e-01
2.941186971784556098e-02 8.004608740884143758e-01
2.934737000355203823e-02 8.006899241019933555e-01
2.928287028925851548e-02 8.009190482788439702e-01
2.921837057496499968e-02 8.011482466502810595e-01
2.915387086067147693e-02 8.013775192476366716e-01
2.908937114637795418e-02 8.016068661022603958e-01
2.902487143208443143e-02 8.018362872455196966e-01
2.896037171779091562e-02 8.020657827087981362e-01
2.889587200349739288e-02 8.022953525234978178e-01
2.883137228920387013e-02 8.025249967210379420e-01
2.876687257491034738e-02 8.027547153328550289e-01
2.870237286061683157e-02 8.029845083904023628e-01
2.863787314632330883e-02 8.032143759251524351e-01
2.857337343202978608e-02 8.034443179685929470e-01
2.850887371773627027e-02 8.036743345522309179e-01
2.844437400344274752e-02 8.039044257075895761e-01
2.837987428914922478e-02 8.041345914662103578e-01
2.831537457485570203e-02 8.043648318596521296e-01
2.825087486056218622e-02 8.045951469194903005e-01
2.818637514626866347e-02 8.048255366773193753e-01
2.812187543197514072e-02 8.050560011647499570e-01
2.805737571768161798e-02 8.052865404134115224e-01
2.799287600338810217e-02 8.055171544549500906e-01
2.792837628909457942e-02 8.057478433210290003e-01
2.786387657480105667e-02 8.059786070433303529e-01
2.779937686050753393e-02 8.062094456535527920e-01
2.773487714621401812e-02 8.064403591834128360e-01
2.767037743192049537e-02 8.066713476646456549e-01
2.760587771762697262e-02 8.069024111290019619e-01
2.754137800333344988e-02 8.071335496082518990e-01
2.747687828903993407e-02 8.073647631341823727e-01
2.741237857474641132e-02 8.075960517385980530e-01
2.734787886045288857e-02 8.078274154533219287e-01
2.728337914615936582e-02 8.080588543101937526e-01
2.721887943186585002e-02 8.082903683410714857e-01
2.715437971757232727e-02 8.085219575778306300e-01
2.708988000327880452e-02 8.087536220523644515e-01
2.702538028898528177e-02 8.089853617965840904e-01
2.696088057469176597e-02 8.092171768424182288e-01
2.689638086039824322e-02 8.094490672218135341e-01
2.683188114610472047e-02 8.096810329667341044e-01
2.676738143181119772e-02 8.099130741091619123e-01
2.670288171751768191e-02 8.101451906810972492e-01
2.663838200322415917e-02 8.103773827145572817e-01
2.657388228893063642e-02 8.106096502415777172e-01
2.650938257463711367e-02 8.108419932942122488e-01
2.644488286034359786e-02 8.110744119045314449e-01
2.638038314605007512e-02 8.113069061046246366e-01
2.631588343175655237e-02 8.115394759265988078e-01
2.625138371746302962e-02 8.117721214025784837e-01
2.618688400316951381e-02 8.120048425647065082e-01
2.612238428887599107e-02 8.122376394451432668e-01
2.605788457458246832e-02 8.124705120760675747e-01
2.599338486028894557e-02 8.127034604896754555e-01
2.592888514599542976e-02 8.129364847181813625e-01
2.586438543170190701e-02 8.131695847938181787e-01
2.579988571740838427e-02 8.134027607488353295e-01
2.573538600311486846e-02 8.136360126155018913e-01
2.567088628882134571e-02 8.138693404261034825e-01
2.560638657452782296e-02 8.141027442129444847e-01
2.554188686023430022e-02 8.143362240083475978e-01
2.547738714594078441e-02 8.145697798446526194e-01
2.541288743164726166e-02 8.148034117542183319e-01
2.534838771735373891e-02 8.150371197694210590e-01
2.528388800306021617e-02 8.152709039226552212e-01
2.521938828876670036e-02 8.155047642463330027e-01
2.515488857447317761e-02 8.157387007728857942e-01
2.509038886017965486e-02 8.159727135347618621e-01
2.502588914588613211e-02 8.162068025644281244e-01
2.496138943159261631e-02 8.164409678943699289e-01
2.489688971729909356e-02 8.166752095570899428e-01
2.483239000300557081e-02 8.169095275851099291e-01
2.476789028871204806e-02 8.171439220109688595e-01
2.470339057441853226e-02 8.173783928672250232e-01
2.463889086012500951e-02 8.176129401864539181e-01
2.457439114583148676e-02 8.178475640012494718e-01
2.450989143153796401e-02 8.180822643442244857e-01
2.444539171724444820e-02 8.183170412480087474e-01
2.438089200295092546e-02 8.185518947452516958e-01
2.431639228865740271e-02 8.187868248686200889e-01
2.425189257436387996e-02 8.190218316507990037e-01
2.418739286007036415e-02 8.192569151244925019e-01
2.412289314577684141e-02 8.194920753224220755e-01
2.405839343148331866e-02 8.197273122773280907e-01
2.399389371718979591e-02 8.199626260219690099e-01
2.392939400289628010e-02 8.201980165891213925e-01
2.386489428860275736e-02 8.204334840115808936e-01
2.380039457430923461e-02 8.206690283221605986e-01
2.373589486001571186e-02 8.209046495536930221e-01
2.367139514572219605e-02 8.211403477390276651e-01
2.360689543142867330e-02 8.213761229110336792e-01
2.354239571713515056e-02 8.216119751025985352e-01
2.347789600284162781e-02 8.218479043466269118e-01
2.341339628854811200e-02 8.220839106760434722e-01
2.334889657425458925e-02 8.223199941237904209e-01
2.328439685996106651e-02 8.225561547228287251e-01
2.321989714566754376e-02 8.227923925061375598e-01
2.315539743137402795e-02 8.230287075067146407e-01
2.309089771708050520e-02 8.232650997575770013e-01
2.302639800278698246e-02 8.235015692917587726e-01
2.296189828849346665e-02 8.237381161423136255e-01
2.289739857419994390e-02 8.239747403423137717e-01
2.283289885990642115e-02 8.242114419248489643e-01
2.276839914561289840e-02 8.244482209230290515e-01
2.270389943131938260e-02 8.246850773699812009e-01
2.263939971702585985e-02 8.249220112988517872e-01
2.257490000273233710e-02 8.251590227428055035e-01
2.251040028843881435e-02 8.253961117350261389e-01
2.244590057414529854e-02 8.256332783087152460e-01
2.238140085985177580e-02 8.258705224970939174e-01
2.231690114555825305e-02 8.261078443334013421e-01
2.225240143126473030e-02 8.263452438508960274e-01
2.218790171697121449e-02 8.265827210828537996e-01
2.212340200267769175e-02 8.268202760625711356e-01
2.205890228838416900e-02 8.270579088233613874e-01
2.199440257409064625e-02 8.272956193985575579e-01
2.192990285979713044e-02 8.275334078215116351e-01
2.186540314550360770e-02 8.277712741255937035e-01
2.180090343121008495e-02 8.280092183441926101e-01
2.173640371691656220e-02 8.282472405107168534e-01
2.167190400262304639e-02 8.284853406585923619e-01
2.160740428832952365e-02 8.287235188212652703e-01
2.154290457403600090e-02 8.289617750321994771e-01
2.147840485974247815e-02 8.292001093248780874e-01
2.141390514544896234e-02 8.294385217328035242e-01
2.134940543115543959e-02 8.296770122894957522e-01
2.128490571686191685e-02 8.299155810284951640e-01
2.122040600256839410e-02 8.301542279833601379e-01
2.115590628827487829e-02 8.303929531876680370e-01
2.109140657398135554e-02 8.306317566750153203e-01
2.102690685968783280e-02 8.308706384790170985e-01
2.096240714539431005e-02 8.311095986333076890e-01
2.089790743110079424e-02 8.313486371715403944e-01
2.083340771680727149e-02 8.315877541273870577e-01
2.076890800251374875e-02 8.318269495345387288e-01
2.070440828822022600e-02 8.320662234267059976e-01
2.063990857392671019e-02 8.323055758376172175e-01
2.057540885963318744e-02 8.325450068010212812e-01
2.051090914533966469e-02 8.327845163506844006e-01
2.044640943104614195e-02 8.330241045203935490e-01
2.038190971675262614e-02 8.332637713439537963e-01
2.031741000245910339e-02 8.335035168551889750e-01
2.025291028816558064e-02 8.337433410879429019e-01
2.018841057387206483e-02 8.339832440760774901e-01
2.012391085957854209e-02 8.342232258534750811e-01
2.005941114528501934e-02 8.344632864540360018e-01
1.999491143099149659e-02 8.347034259116795640e-01
1.993041171669798078e-02 8.349436442603455077e-01
1.986591200240445804e-02 8.351839415339915584e-01
1.980141228811093529e-02 8.354243177665949815e-01
1.973691257381741254e-02 8.356647729921523604e-01
1.967241285952389673e-02 8.359053072446795962e-01
1.960791314523037399e-02 8.361459205582113530e-01
1.954341343093685124e-02 8.363866129668016125e-01
1.947891371664332849e-02 8.366273845045242297e-01
1.941441400234981268e-02 8.368682352054714890e-01
1.934991428805628993e-02 8.371091651037552150e-01
1.928541457376276719e-02 8.373501742335069942e-01
1.922091485946924444e-02 8.375912626288770646e-01
1.915641514517572863e-02 8.378324303240349824e-01
1.909191543088220588e-02 8.380736773531701767e-01
1.902741571658868314e-02 8.383150037504909502e-01
1.896291600229516039e-02 8.385564095502251458e-01
1.889841628800164458e-02 8.387978947866202573e-01
1.883391657370812183e-02 8.390394594939422079e-01
1.876941685941459909e-02 8.392811037064774604e-01
1.870491714512107634e-02 8.395228274585310180e-01
1.864041743082756053e-02 8.397646307844279789e-01
1.857591771653403778e-02 8.400065137185122044e-01
1.851141800224051503e-02 8.402484762951475394e-01
1.844691828794699229e-02 8.404905185487169250e-01
1.838241857365347648e-02 8.407326405136229530e-01
1.831791885935995373e-02 8.409748422242878663e-01
1.825341914506643098e-02 8.412171237151532255e-01
1.818891943077290824e-02 8.414594850206799093e-01
1.812441971647939243e-02 8.417019261753486692e-01
1.805992000218586968e-02 8.419444472136597968e-01
1.799542028789234693e-02 8.421870481701326794e-01
1.793092057359882419e-02 8.424297290793066884e-01
1.786642085930530838e-02 8.426724899757406240e-01
1.780192114501178563e-02 8.429153308940133815e-01
1.773742143071826288e-02 8.431582518687228411e-01
1.767292171642474014e-02 8.434012529344865339e-01
1.760842200213122433e-02 8.436443341259416417e-01
1.754392228783770158e-02 8.438874954777453308e-01
1.747942257354417883e-02 8.441307370245746400e-01
1.741492285925066302e-02 8.443740588011254822e-01
1.735042314495714028e-02 8.446174608421137542e-01
1.728592343066361753e-02 8.448609431822758919e-01
1.722142371637009478e-02 8.451045058563665391e-01
1.715692400207657897e-02 8.453481488991616555e-01
1.709242428778305622e-02 8.455918723454555197e-01
1.702792457348953348e-02 8.458356762300636156e-01
1.696342485919601073e-02 8.460795605878196346e-01
1.689892514490249492e-02 8.463235254535783625e-01
1.683442543060897217e-02 8.465675708622137918e-01
1.676992571631544943e-02 8.468116968486198992e-01
1.670542600202192668e-02 8.470559034477104232e-01
1.664092628772841087e-02 8.473001906944190864e-01
1.657642657343488812e-02 8.475445586236990403e-01
1.651192685914136538e-02 8.477890072705236424e-01
1.644742714484784263e-02 8.480335366698867894e-01
1.638292743055432682e-02 8.482781468568006966e-01
1.631842771626080407e-02 8.485228378662993398e-01
1.625392800196728132e-02 8.487676097334352354e-01
1.618942828767375858e-02 8.490124624932811059e-01
1.612492857338024277e-02 8.492573961809305461e-01
1.606042885908672002e-02 8.495024108314954692e-01
1.599592914479319727e-02 8.497475064801097711e-01
1.593142943049967453e-02 8.499926831619257772e-01
1.586692971620615872e-02 8.502379409121165743e-01
1.580243000191263597e-02 8.504832797658750110e-01
1.573793028761911322e-02 8.507286997584140309e-01
1.567343057332559048e-02 8.509742009249670058e-01
1.560893085903207467e-02 8.512197833007864034e-01
1.554443114473855192e-02 8.514654469211458965e-01
1.547993143044502917e-02 8.517111918213388089e-01
1.541543171615150642e-02 8.519570180366788925e-01
1.535093200185799062e-02 8.522029256024988841e-01
1.528643228756446787e-02 8.524489145541528368e-01
1.522193257327094512e-02 8.526949849270151205e-01
1.515743285897742237e-02 8.529411367564792013e-01
1.509293314468390657e-02 8.531873700779594172e-01
1.502843343039038382e-02 8.534336849268904235e-01
1.496393371609686107e-02 8.536800813387268594e-01
1.489943400180333832e-02 8.539265593489433481e-01
1.483493428750982251e-02 8.541731189930353851e-01
1.477043457321629977e-02 8.544197603065181168e-01
1.470593485892277702e-02 8.546664833249273396e-01
1.464143514462926121e-02 8.549132880838191673e-01
1.457693543033573846e-02 8.551601746187693642e-01
1.451243571604221572e-02 8.554071429653754555e-01
1.444793600174869297e-02 8.556541931592535066e-01
1.438343628745517716e-02 8.559013252360408996e-01
1.431893657316165441e-02 8.561485392313958886e-01
1.425443685886813167e-02 8.563958351809959346e-01
1.418993714457460892e-02 8.566432131205395928e-01
1.412543743028109311e-02 8.568906730857458465e-01
1.406093771598757036e-02 8.571382151123537740e-01
1.399643800169404761e-02 8.573858392361232150e-01
1.393193828740052487e-02 8.576335454928339930e-01
1.386743857310700906e-02 8.578813339182870257e-01
1.380293885881348631e-02 8.581292045483033260e-01
1.373843914451996356e-02 8.583771574187242237e-01
1.367393943022644082e-02 8.586251925654119210e-01
1.360943971593292501e-02 8.588733100242492702e-01
1.354494000163940226e-02 8.591215098311391074e-01
1.348044028734587951e-02 8.593697920220054742e-01
1.341594057305235677e-02 8.596181566327919521e-01
1.335144085875884096e-02 8.598666036994641049e-01
1.328694114446531821e-02 8.601151332580072584e-01
1.322244143017179546e-02 8.603637453444270555e-01
1.315794171587827271e-02 8.606124399947504555e-01
1.309344200158475691e-02 8.608612172450246236e-01
1.302894228729123416e-02 8.611100771313178193e-01
1.296444257299771141e-02 8.613590196897185081e-01
1.289994285870418866e-02 8.616080449563358057e-01
1.283544314441067286e-02 8.618571529673002551e-01
1.277094343011715011e-02 8.621063437587620504e-01
1.270644371582362736e-02 8.623556173668932567e-01
1.264194400153010461e-02 8.626049738278855905e-01
1.257744428723658880e-02 8.628544131779518622e-01
1.251294457294306606e-02 8.631039354533265318e-01
1.244844485864954331e-02 8.633535406902639320e-01
1.238394514435602056e-02 8.636032289250387128e-01
1.231944543006250475e-02 8.638530001939478398e-01
1.225494571576898201e-02 8.641028545333080402e-01
1.219044600147545926e-02 8.643527919794572467e-01
1.212594628718194345e-02 8.646028125687540422e-01
1.206144657288842070e-02 8.648529163375777706e-01
1.199694685859489796e-02 8.651031033223292033e-01
1.193244714430137521e-02 8.653533735594297616e-01
1.186794743000785940e-02 8.656037270853217391e-01
1.180344771571433665e-02 8.658541639364684128e-01
1.173894800142081390e-02 8.661046841493535986e-01
1.167444828712729116e-02 8.663552877604832059e-01
1.160994857283377535e-02 8.666059748063826840e-01
1.154544885854025260e-02 8.668567453235997977e-01
1.148094914424672985e-02 8.671075993487018518e-01
1.141644942995320711e-02 8.673585369182786886e-01
1.135194971565969130e-02 8.676095580689404674e-01
1.128745000136616855e-02 8.678606628373185528e-01
1.122295028707264580e-02 8.681118512600650705e-01
1.115845057277912306e-02 8.683631233738534627e-01
1.109395085848560725e-02 8.686144792153783767e-01
1.102945114419208450e-02 8.688659188213556650e-01
1.096495142989856175e-02 8.691174422285219414e-01
1.090045171560503900e-02 8.693690494736352470e-01
1.083595200131152320e-02 8.696207405934746060e-01
1.077145228701800045e-02 8.698725156248404700e-01
1.070695257272447770e-02 8.701243746045544958e-01
1.064245285843095495e-02 8.703763175694586574e-01
1.057795314413743915e-02 8.706283445564176882e-01
1.051345342984391640e-02 8.708804556023164167e-01
1.044895371555039365e-02 8.711326507440613209e-01
1.038445400125687090e-02 8.713849300185803060e-01
1.031995428696335509e-02 8.716372934628218161e-01
1.025545457266983235e-02 8.718897411137567222e-01
1.019095485837630960e-02 8.721422730083764341e-01
1.012645514408278685e-02 8.723948891836935671e-01
1.006195542978927104e-02 8.726475896767428297e-01
9.997455715495748296e-03 8.729003745245795809e-01
9.932956001202225549e-03 8.731532437642813838e-01
9.868456286908702801e-03 8.734061974329461187e-01
9.803956572615186993e-03 8.736592355676935373e-01
9.739456858321664245e-03 8.739123582056651518e-01
9.674957144028141498e-03 8.741655653840237905e-01
9.610457429734618751e-03 8.744188571399531540e-01
9.545957715441102942e-03 8.746722335106593693e-01
9.481458001147580195e-03 8.749256945333692137e-01
9.416958286854057447e-03 8.751792402453314468e-01
9.352458572560541639e-03 8.754328706838163665e-01
9.287958858267018891e-03 8.756865858861148100e-01
9.223459143973496144e-03 8.759403858895411510e-01
9.158959429679973396e-03 8.761942707314296364e-01
9.094459715386457588e-03 8.764482404491359402e-01
9.029960001092934840e-03 8.767022950800389403e-01
8.965460286799412093e-03 8.769564346615378314e-01
8.900960572505889346e-03 8.772106592310537909e-01
8.836460858212373537e-03 8.774649688260298674e-01
8.771961143918850790e-03 8.777193634839299818e-01
8.707461429625328042e-03 8.779738432422409256e-01
8.642961715331805295e-03 8.782284081384701402e-01
8.578462001038289486e-03 8.784830582101470497e-01
8.513962286744766739e-03 8.787377934948236158e-01
8.449462572451243991e-03 8.789926140300717838e-01
8.384962858157721244e-03 8.792475198534872582e-01
8.320463143864205435e-03 8.795025110026859494e-01
8.255963429570682688e-03 8.797575875153063052e-01
8.191463715277159940e-03 8.800127494290086450e-01
8.126964000983637193e-03 8.802679967814747153e-01
8.062464286690121384e-03 8.805233296104082452e-01
7.997964572396598637e-03 8.807787479535341690e-01
7.933464858103075890e-03 8.810342518486011798e-01
7.868965143809553142e-03 8.812898413333780656e-01
7.804465429516037334e-03 8.815455164456555970e-01
7.739965715222514586e-03 8.818012772232474150e-01
7.675466000928991839e-03 8.820571237039881440e-01
7.610966286635469091e-03 8.823130559257351679e-01
7.546466572341953283e-03 8.825690739263671869e-01
7.481966858048430535e-03 8.828251777437853276e-01
7.417467143754907788e-03 8.830813674159122550e-01
7.352967429461385040e-03 8.833376429806928387e-01
7.288467715167869232e-03 8.835940044760942635e-01
7.223968000874346485e-03 8.838504519401053638e-01
7.159468286580823737e-03 8.841069854107368453e-01
7.094968572287300990e-03 8.843636049260222842e-01
7.030468857993785181e-03 8.846203105240166842e-01
6.965969143700262434e-03 8.848771022427968092e-01
6.901469429406739686e-03 8.851339801204627378e-01
6.836969715113216939e-03 8.853909441951358650e-01
6.772470000819701130e-03 8.856479945049594571e-01
6.707970286526178383e-03 8.859051310880994290e-01
6.643470572232655635e-03 8.861623539827439000e-01
6.578970857939139827e-03 8.864196632271031939e-01
6.514471143645617079e-03 8.866770588594096170e-01
6.449971429352094332e-03 8.869345409179171247e-01
6.385471715058571585e-03 8.871921094409038755e-01
6.320972000765055776e-03 8.874497644666676788e-01
6.256472286471533029e-03 8.877075060335312129e-01
6.191972572178010281e-03 8.879653341798372512e-01
6.127472857884487534e-03 8.882232489439521039e-01
6.062973143590971725e-03 8.884812503642639525e-01
5.998473429297448978e-03 8.887393384791835160e-01
5.933973715003926230e-03 8.889975133271443841e-01
5.869474000710403483e-03 8.892557749466011296e-01
5.804974286416887674e-03 8.895141233760318622e-01
5.740474572123364927e-03 8.897725586539368958e-01
5.675974857829842180e-03 8.900310808188387490e-01
5.611475143536319432e-03 8.902896899092825889e-01
5.546975429242803624e-03 8.905483859638356758e-01
5.482475714949280876e-03 8.908071690210884741e-01
5.417976000655758129e-03 8.910660391196526531e-01
5.353476286362235381e-03 8.913249962981638630e-01
5.288976572068719573e-03 8.915840405952795145e-01
5.224476857775196825e-03 8.918431720496794446e-01
5.159977143481674078e-03 8.921023907000659170e-01
5.095477429188151330e-03 8.923616965851649541e-01
5.030977714894635522e-03 8.926210897437237834e-01
4.966478000601112774e-03 8.928805702145123924e-01
4.901978286307590027e-03 8.931401380363243048e-01
4.837478572014067280e-03 8.933997932479750270e-01
4.772978857720551471e-03 8.936595358883023810e-01
4.708479143427028724e-03 8.939193659961677252e-01
4.643979429133505976e-03 8.941792836104544007e-01
4.579479714839983229e-03 8.944392887700686190e-01
4.514980000546467420e-03 8.946993815139396844e-01
4.450480286252944673e-03 8.949595618810194386e-01
4.385980571959421925e-03 8.952198299102821499e-01
4.321480857665899178e-03 8.954801856407247351e-01
4.256981143372383369e-03 8.957406291113677588e-01
4.192481429078860622e-03 8.960011603612538789e-01
4.127981714785337874e-03 8.962617794294484019e-01
4.063482000491815127e-03 8.965224863550406154e-01
3.998982286198299319e-03 8.967832811771409007e-01
3.934482571904776571e-03 8.970441639348843976e-01
3.869982857611253824e-03 8.973051346674276729e-01
3.805483143317738015e-03 8.975661934139504972e-01
3.740983429024215268e-03 8.978273402136563996e-01
3.676483714730692520e-03 8.980885751057708921e-01
3.611984000437169773e-03 8.983498981295428010e-01
3.547484286143653964e-03 8.986113093242436012e-01
3.482984571850131217e-03 8.988728087291683044e-01
3.418484857556608469e-03 8.991343963836347930e-01
3.353985143263085722e-03 8.993960723269833757e-01
3.289485428969569913e-03 8.996578365985782311e-01
3.224985714676047166e-03 8.999196892378064083e-01
3.160486000382524419e-03 9.001816302840769390e-01
3.095986286089001671e-03 9.004436597768238348e-01
3.031486571795485863e-03 9.007057777555023126e-01
2.966986857501963115e-03 9.009679842595921251e-01
2.902487143208440368e-03 9.012302793285954516e-01
2.837987428914917620e-03 9.014926630020376752e-01
2.773487714621401812e-03 9.017551353194678265e-01
2.708988000327879064e-03 9.020176963204573628e-01
2.644488286034356317e-03 9.022803460446015000e-01
2.579988571740833569e-03 9.025430845315184358e-01
2.515488857447317761e-03 9.028059118208495715e-01
2.450989143153795013e-03 9.030688279522602890e-01
2.386489428860272266e-03 9.033318329654376200e-01
2.321989714566749519e-03 9.035949269000939088e-01
2.257490000273233710e-03 9.038581097959630384e-01
2.192990285979710963e-03 9.041213816928028724e-01
2.128490571686188215e-03 9.043847426303954773e-01
2.063990857392665468e-03 9.046481926485447911e-01
1.999491143099149659e-03 9.049117317870789545e-01
1.934991428805626912e-03 9.051753600858496451e-01
1.870491714512104164e-03 9.054390775847313000e-01
1.805992000218581417e-03 9.057028843236226701e-01
1.741492285925058670e-03 9.059667803424449328e-01
1.676992571631535922e-03 9.062307656811431356e-01
1.612492857338027052e-03 9.064948403796863063e-01
1.547993143044504305e-03 9.067590044780664549e-01
1.483493428750981558e-03 9.070232580162989056e-01
1.418993714457458810e-03 9.072876010344230746e-01
1.354494000163936063e-03 9.075520335725016929e-01
1.289994285870413315e-03 9.078165556706206951e-01
1.225494571576890568e-03 9.080811673688898855e-01
1.160994857283367820e-03 9.083458687074428273e-01
1.096495142989858951e-03 9.086106597264368423e-01
1.031995428696336203e-03 9.088755404660520121e-01
9.674957144028134559e-04 9.091405109664935091e-01
9.029960001092907085e-04 9.094055712679883774e-01
8.384962858157679610e-04 9.096707214107884187e-01
7.739965715222452136e-04 9.099359614351697489e-01
7.094968572287224662e-04 9.102012913814303552e-01
6.449971429352135965e-04 9.104667112898939818e-01
5.804974286416908491e-04 9.107322212009066886e-01
5.159977143481681017e-04 9.109978211548387383e-01
4.514980000546453542e-04 9.112635111920847075e-01
3.869982857611226068e-04 9.115292913530620433e-01
3.224985714675998594e-04 9.117951616782128399e-01
2.579988571740771119e-04 9.120611222080026170e-01
1.934991428805543645e-04 9.123271729829204313e-01
1.289994285870454949e-04 9.125933140434799862e-01
6.449971429352274743e-05 9.128595454302186329e-01
0.000000000000000000e+00 9.131258671836971486e-01
